self.featureVector = [0, 0, 0, 0, 0, 0, 0, 0, 0, 0, 0, 0, 0, 0, 0, 0, 0, 0, 0, 0, 0, 0, 0, 0, 0, 0, 0, 0, 0, 0, 0, 0, 0, 0, 0, 0, 0, 0, 0, 0, 0, 0, 0, 0, 0, 0, 0, 0, 0, 0, 0, 0, 0, 0, 0, 0, 0, 0, 0, 0, 0, 0, 0, 0, 0, 0, 0, 0, 0, 0, 0, 0, 0, 0, 1, 1, 1, 1, 1, 1, 1, 1, 1, 1, 1, 1, 1, 1, 1, 1, 1, 1, 1, 1, 1, 1, 1, 1, 1, 1, 1, 1, 1, 1, 1, 1, 1, 1, 1, 1, 1, 1, 1, 1, 1, 1, 1, 1, 0, 0, 0, 0, 0, 0, 0, 0, 0, 0, 0, 0, 0, 0, 0, 0, 0, 0, 0, 0, 0, 0, 0, 0, 0, 0, 0, 0, 0, 0, 0, 0, 0, 0, 0, 0, 0, 1, 1, 1, 1, 1, 1, 1, 1, 1, 1, 1, 1, 1, 1, 1, 1, 1, 1, 1, 1, 1, 1, 1, 1, 1, 1, 1, 1, 1, 1, 1, 1]


[array([ 3.75532029,  3.38471098,  2.8335915 ,  2.96051349,  2.6250961 ,
        2.46334653,  2.26798104,  2.17291767,  1.86343048,  1.82386824,
        1.35835255,  1.25368713,  0.83106881,  0.69773471,  0.49715792,
        0.5       ,  0.49715792,  0.69773471,  0.83106881,  1.25368713,
        1.35835255,  1.82386824,  1.86343048,  2.17291767,  2.26798104,
        2.46334653,  2.6250961 ,  2.96051349,  2.8335915 ,  3.38471098,
        3.75532029]), array([ 4.75353561,  4.31252986,  3.57680326,  3.51494487,  2.99692529,
        2.53310217,  2.11604287,  1.76561732,  1.22487577,  1.02290938,
        0.43850198,  0.25469078,  0.30103048,  0.43985943,  0.53835856,
        0.5       ,  0.53835856,  0.43985943,  0.30103048,  0.25469078,
        0.43850198,  1.02290938,  1.22487577,  1.76561732,  2.11604287,
        2.53310217,  2.99692529,  3.51494487,  3.57680326,  4.31252986,
        4.75353561]), array([ 5.31060316,  4.75514267,  3.81040872,  3.5193221 ,  2.80125074,
        2.11084598,  1.57243765,  1.20514126,  0.8207739 ,  0.90032052,
        0.67033573,  0.78672057,  0.60956971,  0.51240745,  0.24941712,
        0.07291667,  0.24941712,  0.51240745,  0.60956971,  0.78672057,
        0.67033573,  0.90032052,  0.8207739 ,  1.20514126,  1.57243765,
        2.11084598,  2.80125074,  3.5193221 ,  3.81040872,  4.75514267,
        5.31060316]), array([ 4.09307535,  4.23066856,  4.17712717,  4.52584442,  4.1246255 ,
        3.43548103,  2.58842008,  1.58501145,  0.67351243,  0.71268394,
        1.45871541,  1.92176079,  1.98328851,  1.85234612,  1.52148265,
        1.44791667,  1.52148265,  1.85234612,  1.98328851,  1.92176079,
        1.45871541,  0.71268394,  0.67351243,  1.58501145,  2.58842008,
        3.43548103,  4.1246255 ,  4.52584442,  4.17712717,  4.23066856,
        4.09307535]), array([ 8.16901648,  5.83396337,  2.45160477,  0.69155956,  3.29598824,
        5.28811844,  6.06375604,  5.95167351,  5.11971996,  4.57540472,
        5.06653903,  5.76788438,  6.41204972,  6.4894366 ,  6.20713861,
        6.13541667,  6.20713861,  6.4894366 ,  6.41204972,  5.76788438,
        5.06653903,  4.57540472,  5.11971996,  5.95167351,  6.06375604,
        5.28811844,  3.29598824,  0.69155956,  2.45160477,  5.83396337,
        8.16901648]), array([ 11.57813318,   8.04659351,   4.27696206,   4.41744495,
         7.08532335,   8.82154355,   8.80380065,   7.61153325,
         6.08814229,   5.20039209,   5.35998349,   5.24440256,
         4.52917543,   3.55331361,   2.62123865,   2.34375   ,
         2.62123865,   3.55331361,   4.52917543,   5.24440256,
         5.35998349,   5.20039209,   6.08814229,   7.61153325,
         8.80380065,   8.82154355,   7.08532335,   4.41744495,
         4.27696206,   8.04659351,  11.57813318]), array([ 13.90549787,   9.49828349,   5.81920758,   6.67561277,
         8.89904137,   9.49465543,   8.13477839,   5.81016605,
         3.73934455,   2.58740654,   2.7389757 ,   3.31466068,
         4.25260748,   4.8601317 ,   4.96500509,   5.02083333,
         4.96500509,   4.8601317 ,   4.25260748,   3.31466068,
         2.7389757 ,   2.58740654,   3.73934455,   5.81016605,
         8.13477839,   9.49465543,   8.89904137,   6.67561277,
         5.81920758,   9.49828349,  13.90549787]), array([ 13.63631245,   9.40108229,   5.75094721,   6.56979752,
         8.94676146,   9.74054687,   8.47686187,   6.10086835,
         3.90279232,   2.58268387,   2.4844077 ,   2.98103818,
         4.13762494,   4.99778216,   5.26129183,   5.36458333,
         5.26129183,   4.99778216,   4.13762494,   2.98103818,
         2.4844077 ,   2.58268387,   3.90279232,   6.10086835,
         8.47686187,   9.74054687,   8.94676146,   6.56979752,
         5.75094721,   9.40108229,  13.63631245]), array([ 13.30217432,   9.48120103,   5.98648485,   6.83918183,
         9.43209729,  10.22857876,   8.64519634,   5.84184647,
         3.4062261 ,   2.08934325,   2.43878142,   3.4502141 ,
         4.56308549,   4.99891749,   4.87121914,   4.83333333,
         4.87121914,   4.99891749,   4.56308549,   3.4502141 ,
         2.43878142,   2.08934325,   3.4062261 ,   5.84184647,
         8.64519634,  10.22857876,   9.43209729,   6.83918183,
         5.98648485,   9.48120103,  13.30217432]), array([ 15.56437607,   8.044065  ,   3.04108655,   3.00778435,
         6.41382045,  11.01737673,  12.29624387,   9.64099501,
         5.78234744,   2.91325415,   2.49493302,   6.13297559,
         8.62526441,   7.68677911,   4.26028866,   0.77083333,
         4.26028866,   7.68677911,   8.62526441,   6.13297559,
         2.49493302,   2.91325415,   5.78234744,   9.64099501,
        12.29624387,  11.01737673,   6.41382045,   3.00778435,
         3.04108655,   8.044065  ,  15.56437607]), array([ 19.01818145,   7.15948309,   3.54569636,   2.93672393,
         9.91232147,  16.74627266,  16.13130401,   9.77012258,
         4.2600464 ,   3.87923191,   6.26379295,   7.39904577,
         4.95426812,   2.49488749,   5.17932801,   6.5       ,
         5.17932801,   2.49488749,   4.95426812,   7.39904577,
         6.26379295,   3.87923191,   4.2600464 ,   9.77012258,
        16.13130401,  16.74627266,   9.91232147,   2.93672393,
         3.54569636,   7.15948309,  19.01818145]), array([ 21.49938116,   7.66562419,   6.55443422,   6.76686957,
        13.81317233,  18.70240151,  14.62875922,   6.06154238,
         0.7398766 ,   2.70984734,   3.60199483,   3.45306661,
         5.44959962,   6.42309661,   4.50685267,   2.44791667,
         4.50685267,   6.42309661,   5.44959962,   3.45306661,
         3.60199483,   2.70984734,   0.7398766 ,   6.06154238,
        14.62875922,  18.70240151,  13.81317233,   6.76686957,
         6.55443422,   7.66562419,  21.49938116]), array([ 20.89456029,   7.76038556,   6.07432577,   6.18942004,
        13.43192192,  19.39995594,  15.85603685,   6.77000796,
         1.93321584,   3.93891462,   4.44502279,   2.40458072,
         5.49139927,   7.62254314,   5.18170827,   1.21875   ,
         5.18170827,   7.62254314,   5.49139927,   2.40458072,
         4.44502279,   3.93891462,   1.93321584,   6.77000796,
        15.85603685,  19.39995594,  13.43192192,   6.18942004,
         6.07432577,   7.76038556,  20.89456029]), array([ 21.14329579,   7.3689494 ,   5.90226638,   5.93450596,
        12.91727835,  18.6111647 ,  15.76070078,   7.4144206 ,
         2.33603396,   4.30838144,   5.23204961,   2.44846148,
         5.19544931,   8.30804246,   5.83111481,   0.40625   ,
         5.83111481,   8.30804246,   5.19544931,   2.44846148,
         5.23204961,   4.30838144,   2.33603396,   7.4144206 ,
        15.76070078,  18.6111647 ,  12.91727835,   5.93450596,
         5.90226638,   7.3689494 ,  21.14329579]), array([ 22.61608513,   4.87935893,   4.70837434,   3.0586964 ,
         7.24631459,  18.65805614,  21.28508427,  11.68693366,
         7.41676897,   8.91953842,   6.24059229,   3.85780476,
        10.26969085,   6.71436376,   2.3237778 ,   6.10416667,
         2.3237778 ,   6.71436376,  10.26969085,   3.85780476,
         6.24059229,   8.91953842,   7.41676897,  11.68693366,
        21.28508427,  18.65805614,   7.24631459,   3.0586964 ,
         4.70837434,   4.87935893,  22.61608513]), array([ 24.11104215,   5.70841735,   6.190366  ,   4.248959  ,
         6.77240126,  23.67594169,  23.79059786,  10.05135468,
         6.99088644,   6.35997271,   1.20105691,   4.93311973,
         5.49016845,   6.17176789,   5.7318118 ,   0.97916667,
         5.7318118 ,   6.17176789,   5.49016845,   4.93311973,
         1.20105691,   6.35997271,   6.99088644,  10.05135468,
        23.79059786,  23.67594169,   6.77240126,   4.248959  ,
         6.190366  ,   5.70841735,  24.11104215]), array([ 24.0285272 ,   5.61824655,   6.14399742,   4.20784294,
         6.3659779 ,  23.44671332,  24.08891937,  10.47676932,
         7.41639792,   6.71882897,   1.20546744,   5.36020287,
         5.31050233,   6.15105764,   6.14926123,   0.55208333,
         6.14926123,   6.15105764,   5.31050233,   5.36020287,
         1.20546744,   6.71882897,   7.41639792,  10.47676932,
        24.08891937,  23.44671332,   6.3659779 ,   4.20784294,
         6.14399742,   5.61824655,  24.0285272 ]), array([ 24.03124161,   5.51031076,   5.8321208 ,   3.77296821,
         6.93082907,  23.04865824,  23.50955637,  10.56005478,
         7.52712905,   7.29718325,   1.86808209,   5.87488526,
         5.48598183,   5.90993461,   6.84715256,   0.14583333,
         6.84715256,   5.90993461,   5.48598183,   5.87488526,
         1.86808209,   7.29718325,   7.52712905,  10.56005478,
        23.50955637,  23.04865824,   6.93082907,   3.77296821,
         5.8321208 ,   5.51031076,  24.03124161]), array([ 23.68300205,   5.66894309,   3.20362182,   1.88828288,
         8.79192805,  17.72487497,  26.1443593 ,  15.98693653,
        12.74132129,   9.84758897,   4.25870915,   7.67917711,
         3.57822685,  10.29606642,   1.79538813,   5.32291667,
         1.79538813,  10.29606642,   3.57822685,   7.67917711,
         4.25870915,   9.84758897,  12.74132129,  15.98693653,
        26.1443593 ,  17.72487497,   8.79192805,   1.88828288,
         3.20362182,   5.66894309,  23.68300205]), array([ 23.65507205,   9.33198121,   6.11247668,   7.60305254,
         9.20971522,  18.11189638,  32.36799632,  16.68613771,
        11.66199466,   4.31781132,   4.30054597,   1.18576926,
         8.3208916 ,   3.69041523,   7.77555367,   1.32291667,
         7.77555367,   3.69041523,   8.3208916 ,   1.18576926,
         4.30054597,   4.31781132,  11.66199466,  16.68613771,
        32.36799632,  18.11189638,   9.20971522,   7.60305254,
         6.11247668,   9.33198121,  23.65507205]), array([ 23.61959508,  10.47065507,   7.23682733,   8.80231391,
         8.35880571,  20.06090317,  32.18369609,  14.8213464 ,
         9.70102303,   3.71101631,   2.49265441,   3.13487313,
         6.38523305,   5.6312695 ,   6.0022455 ,   0.64583333,
         6.0022455 ,   5.6312695 ,   6.38523305,   3.13487313,
         2.49265441,   3.71101631,   9.70102303,  14.8213464 ,
        32.18369609,  20.06090317,   8.35880571,   8.80231391,
         7.23682733,  10.47065507,  23.61959508]), array([ 23.68497111,  10.36770296,   7.19666894,   8.82381254,
         8.71287283,  19.87993131,  32.54509493,  14.94929581,
         9.60176218,   3.36746636,   2.50234971,   3.38096346,
         6.13651376,   5.94889555,   5.73128326,   1.01041667,
         5.73128326,   5.94889555,   6.13651376,   3.38096346,
         2.50234971,   3.36746636,   9.60176218,  14.94929581,
        32.54509493,  19.87993131,   8.71287283,   8.82381254,
         7.19666894,  10.36770296,  23.68497111]), array([ 22.08317817,  11.55411039,   7.00466935,   5.72620928,
         5.91510953,  16.65232768,  31.0634441 ,  21.17066994,
        15.73455007,   4.89471696,   8.81858908,   7.34273943,
         8.31332964,  11.26589886,   5.6548225 ,   7.54166667,
         5.6548225 ,  11.26589886,   8.31332964,   7.34273943,
         8.81858908,   4.89471696,  15.73455007,  21.17066994,
        31.0634441 ,  16.65232768,   5.91510953,   5.72620928,
         7.00466935,  11.55411039,  22.08317817]), array([ 21.19398065,  12.67596652,   7.73357983,   3.92128788,
         9.88925176,  12.28193984,  35.23855333,  22.68573512,
        14.30762496,   3.00714047,   6.77216807,   7.32437744,
         4.17564743,   8.86019083,   3.96289116,   3.16666667,
         3.96289116,   8.86019083,   4.17564743,   7.32437744,
         6.77216807,   3.00714047,  14.30762496,  22.68573512,
        35.23855333,  12.28193984,   9.88925176,   3.92128788,
         7.73357983,  12.67596652,  21.19398065]), array([ 21.08007853,  12.69722877,   7.69163435,   3.66761324,
        10.20604313,  12.11639327,  35.42331357,  22.32923723,
        13.94187043,   2.62343086,   6.50441901,   6.97692765,
         4.56902445,   8.86687027,   4.02698869,   3.5625    ,
         4.02698869,   8.86687027,   4.56902445,   6.97692765,
         6.50441901,   2.62343086,  13.94187043,  22.32923723,
        35.42331357,  12.11639327,  10.20604313,   3.66761324,
         7.69163435,  12.69722877,  21.08007853]), array([ 19.51820016,  12.03957695,   6.06315351,   0.69811192,
        10.85266948,  15.2744601 ,  32.32485058,  20.8489785 ,
        16.62145424,   6.11436346,  10.6283183 ,  11.02648567,
         2.99674873,  11.01186329,   4.4905474 ,   0.58333333,
         4.4905474 ,  11.01186329,   2.99674873,  11.02648567,
        10.6283183 ,   6.11436346,  16.62145424,  20.8489785 ,
        32.32485058,  15.2744601 ,  10.85266948,   0.69811192,
         6.06315351,  12.03957695,  19.51820016]), array([ 17.40190784,  11.41609749,   5.55310516,   6.94324414,
         8.76684648,  21.40574673,  26.95282039,  27.54105403,
        21.15691168,   8.9931729 ,   9.43906663,   9.02578279,
         5.16527299,   5.74748439,   6.56331803,   6.30208333,
         6.56331803,   5.74748439,   5.16527299,   9.02578279,
         9.43906663,   8.9931729 ,  21.15691168,  27.54105403,
        26.95282039,  21.40574673,   8.76684648,   6.94324414,
         5.55310516,  11.41609749,  17.40190784]), array([ 16.5081111 ,  11.55565316,   7.291104  ,  10.66001185,
         5.698909  ,  21.93877908,  29.77398268,  28.91212027,
        17.57923803,   5.04100138,   5.36874665,   6.30071423,
         4.80880307,  10.03439923,   3.20767062,   1.48958333,
         3.20767062,  10.03439923,   4.80880307,   6.30071423,
         5.36874665,   5.04100138,  17.57923803,  28.91212027,
        29.77398268,  21.93877908,   5.698909  ,  10.66001185,
         7.291104  ,  11.55565316,  16.5081111 ]), array([ 16.53331826,  11.57202412,   7.27977572,  10.63405465,
         5.80119898,  22.02402624,  29.68246924,  29.00927212,
        17.6402789 ,   5.08712914,   5.26696131,   6.20819335,
         4.89821002,  10.13845953,   3.15780624,   1.38541667,
         3.15780624,  10.13845953,   4.89821002,   6.20819335,
         5.26696131,   5.08712914,  17.6402789 ,  29.00927212,
        29.68246924,  22.02402624,   5.80119898,  10.63405465,
         7.27977572,  11.57202412,  16.53331826]), array([ 16.51102096,  11.54466575,   7.25553911,  10.60744717,
         5.76478377,  21.9801175 ,  29.66699437,  28.99055462,
        17.68758754,   5.13906658,   5.24821928,   6.15852069,
         4.95021344,  10.18565766,   3.12527419,   1.33333333,
         3.12527419,  10.18565766,   4.95021344,   6.15852069,
         5.24821928,   5.13906658,  17.68758754,  28.99055462,
        29.66699437,  21.9801175 ,   5.76478377,  10.60744717,
         7.25553911,  11.54466575,  16.51102096]), array([ 13.96971572,   7.81109039,   3.60005348,   5.4910029 ,
         8.72869605,  23.55604642,  24.24511275,  34.14202618,
        19.68558469,   6.21699904,   4.91209475,   9.93419835,
         3.32977957,   7.63879863,   8.09421766,   6.79166667,
         8.09421766,   7.63879863,   3.32977957,   9.93419835,
         4.91209475,   6.21699904,  19.68558469,  34.14202618,
        24.24511275,  23.55604642,   8.72869605,   5.4910029 ,
         3.60005348,   7.81109039,  13.96971572]), array([ 12.81244933,   5.82361772,   2.39875097,   2.87427958,
        11.48882463,  26.39957261,  24.2175602 ,  35.11255   ,
        17.00082414,   3.56503421,   6.69364032,   9.76723554,
         1.63923978,   7.59052642,   5.25756908,   3.94791667,
         5.25756908,   7.59052642,   1.63923978,   9.76723554,
         6.69364032,   3.56503421,  17.00082414,  35.11255   ,
        24.2175602 ,  26.39957261,  11.48882463,   2.87427958,
         2.39875097,   5.82361772,  12.81244933]), array([ 13.84659518,   7.49251953,   3.7286218 ,   3.77268795,
        10.93247774,  25.75508289,  22.34399301,  36.87537812,
        17.41509272,   4.20319501,   8.53680221,  11.28467392,
         1.62984526,   7.40846347,   3.3791626 ,   2.05208333,
         3.3791626 ,   7.40846347,   1.62984526,  11.28467392,
         8.53680221,   4.20319501,  17.41509272,  36.87537812,
        22.34399301,  25.75508289,  10.93247774,   3.77268795,
         3.7286218 ,   7.49251953,  13.84659518]), array([ 15.03841789,   9.05409795,   5.29112046,   4.0063748 ,
        12.06819794,  26.96396686,  21.84838505,  37.46476499,
        15.85773143,   2.67785057,   8.08792196,   9.75640606,
         2.2288315 ,   8.09473793,   4.870451  ,   3.61458333,
         4.870451  ,   8.09473793,   2.2288315 ,   9.75640606,
         8.08792196,   2.67785057,  15.85773143,  37.46476499,
        21.84838505,  26.96396686,  12.06819794,   4.0063748 ,
         5.29112046,   9.05409795,  15.03841789]), array([  9.43573324,   3.56747457,   3.85082076,   9.3301715 ,
         5.7267065 ,  21.21663707,  16.07431035,  43.88421501,
        16.57476529,   7.09753962,  13.84030745,   8.44440204,
         9.07990533,  14.24711313,  11.48221061,  10.51041667,
        11.48221061,  14.24711313,   9.07990533,   8.44440204,
        13.84030745,   7.09753962,  16.57476529,  43.88421501,
        16.07431035,  21.21663707,   5.7267065 ,   9.3301715 ,
         3.85082076,   3.56747457,   9.43573324]), array([  9.55518849,   3.57976132,   3.71078238,   9.19523503,
         5.72732016,  21.17717896,  16.1872753 ,  43.83524062,
        16.71958335,   7.20051373,  13.96453001,   8.56670345,
         9.20581695,  14.3927723 ,  11.61772357,  10.65625   ,
        11.61772357,  14.3927723 ,   9.20581695,   8.56670345,
        13.96453001,   7.20051373,  16.71958335,  43.83524062,
        16.1872753 ,  21.17717896,   5.72732016,   9.19523503,
         3.71078238,   3.57976132,   9.55518849]), array([  7.95347504,   4.42834051,   5.43773851,  10.01406992,
         7.26261345,  22.94620782,  17.09123567,  42.16070909,
        16.95304967,   6.73357192,  14.1489096 ,  10.31425074,
        10.11874162,  16.02142799,  13.15041088,  12.4375    ,
        13.15041088,  16.02142799,  10.11874162,  10.31425074,
        14.1489096 ,   6.73357192,  16.95304967,  42.16070909,
        17.09123567,  22.94620782,   7.26261345,  10.01406992,
         5.43773851,   4.42834051,   7.95347504]), array([  7.24116262,   5.10104236,   5.98809785,   9.87237112,
         7.92363866,  23.31848236,  17.78952307,  41.90588879,
        17.65171833,   7.46201034,  14.70380125,   9.90494336,
        10.12665171,  15.50078861,  12.58373919,  11.6875    ,
        12.58373919,  15.50078861,  10.12665171,   9.90494336,
        14.70380125,   7.46201034,  17.65171833,  41.90588879,
        17.78952307,  23.31848236,   7.92363866,   9.87237112,
         5.98809785,   5.10104236,   7.24116262]), array([ 10.94695683,   1.37880117,   6.12275134,  13.06743937,
         8.34416073,  25.73269084,  18.78143434,  38.40798042,
        19.88708906,  10.09758427,  18.3318435 ,  11.3816112 ,
        12.7026341 ,  14.62001941,  10.77700512,   7.95833333,
        10.77700512,  14.62001941,  12.7026341 ,  11.3816112 ,
        18.3318435 ,  10.09758427,  19.88708906,  38.40798042,
        18.78143434,  25.73269084,   8.34416073,  13.06743937,
         6.12275134,   1.37880117,  10.94695683]), array([  7.62984301,   4.68562671,   3.9615573 ,   9.95253598,
         5.1698395 ,  22.64487387,  15.49623793,  39.74105775,
        18.04816499,   9.8128613 ,  19.81823233,  14.66183413,
        16.03129651,  15.86294158,  10.75160717,   4.61458333,
        10.75160717,  15.86294158,  16.03129651,  14.66183413,
        19.81823233,   9.8128613 ,  18.04816499,  39.74105775,
        15.49623793,  22.64487387,   5.1698395 ,   9.95253598,
         3.9615573 ,   4.68562671,   7.62984301]), array([  2.84742567,  12.685675  ,   5.43464328,  10.51827808,
         4.87265213,  24.35155931,  17.66956918,  32.43600972,
        26.10762502,  17.63645368,  24.57814571,   9.19990101,
         9.61999639,  10.88098008,  11.15680853,  12.94791667,
        11.15680853,  10.88098008,   9.61999639,   9.19990101,
        24.57814571,  17.63645368,  26.10762502,  32.43600972,
        17.66956918,  24.35155931,   4.87265213,  10.51827808,
         5.43464328,  12.685675  ,   2.84742567]), array([  3.27810426,  13.25466533,   5.82557036,  11.15598668,
         5.4995953 ,  25.01815243,  18.30657027,  32.08643282,
        26.12706574,  17.24067562,  23.9209099 ,   8.97587398,
         9.67309675,  11.34690441,  11.01842054,  12.28125   ,
        11.01842054,  11.34690441,   9.67309675,   8.97587398,
        23.9209099 ,  17.24067562,  26.12706574,  32.08643282,
        18.30657027,  25.01815243,   5.4995953 ,  11.15598668,
         5.82557036,  13.25466533,   3.27810426]), array([  5.22406192,  10.61150839,   9.18760009,   5.76289201,
         8.15021734,  23.08554552,  20.50120852,  25.86880126,
        33.67140876,  22.23145186,  21.95913352,   4.14007296,
         9.17554265,  18.62837548,  13.49808929,   4.66666667,
        13.49808929,  18.62837548,   9.17554265,   4.14007296,
        21.95913352,  22.23145186,  33.67140876,  25.86880126,
        20.50120852,  23.08554552,   8.15021734,   5.76289201,
         9.18760009,  10.61150839,   5.22406192]), array([  5.62812882,  10.78605217,   9.65434655,   5.95969849,
         8.60263615,  23.49965978,  20.95210929,  25.57083749,
        33.52870291,  21.812437  ,  21.59814784,   4.50900979,
         9.29533138,  18.16600125,  13.16176152,   5.13541667,
        13.16176152,  18.16600125,   9.29533138,   4.50900979,
        21.59814784,  21.812437  ,  33.52870291,  25.57083749,
        20.95210929,  23.49965978,   8.60263615,   5.95969849,
         9.65434655,  10.78605217,   5.62812882]), array([  4.00265189,   7.76380065,   5.28123665,   1.86981878,
         8.71079192,  19.33103791,  22.2075396 ,  21.30571994,
        38.82715908,  23.03529397,  16.00248397,  10.39558709,
        14.33940521,  13.52304375,   8.86144844,  11.05208333,
         8.86144844,  13.52304375,  14.33940521,  10.39558709,
        16.00248397,  23.03529397,  38.82715908,  21.30571994,
        22.2075396 ,  19.33103791,   8.71079192,   1.86981878,
         5.28123665,   7.76380065,   4.00265189]), array([  3.30768739,   8.92236141,   5.43228831,   3.27119728,
         6.98484265,  18.54343335,  20.44800362,  22.68291773,
        39.89186868,  24.81387762,  15.74117484,  11.64625287,
        16.10069337,  12.96199155,   7.68161844,  12.83333333,
         7.68161844,  12.96199155,  16.10069337,  11.64625287,
        15.74117484,  24.81387762,  39.89186868,  22.68291773,
        20.44800362,  18.54343335,   6.98484265,   3.27119728,
         5.43228831,   8.92236141,   3.30768739]), array([  4.09050525,   7.54820613,   6.10296998,   1.89221557,
         8.19625946,  20.05349124,  20.5539628 ,  23.64104439,
        38.91744301,  25.50107713,  16.94182057,  11.81694645,
        17.25526205,  13.2527632 ,   6.63808575,  14.34375   ,
         6.63808575,  13.2527632 ,  17.25526205,  11.81694645,
        16.94182057,  25.50107713,  38.91744301,  23.64104439,
        20.5539628 ,  20.05349124,   8.19625946,   1.89221557,
         6.10296998,   7.54820613,   4.09050525]), array([  4.47801814,   7.07048277,   6.54569305,   1.84585241,
         8.21323011,  20.23246801,  20.09717196,  24.00580668,
        39.3408477 ,  25.80476888,  16.49377719,  12.09719711,
        17.11527436,  12.97125111,   7.01397105,  13.86458333,
         7.01397105,  12.97125111,  17.11527436,  12.09719711,
        16.49377719,  25.80476888,  39.3408477 ,  24.00580668,
        20.09717196,  20.23246801,   8.21323011,   1.84585241,
         6.54569305,   7.07048277,   4.47801814]), array([  8.55391388,   3.29627757,  10.73851868,   5.73684813,
         5.48611202,  17.49127238,  18.41337435,  21.51822397,
        40.75237798,  21.78224468,  17.91400263,   7.91520199,
        16.3455961 ,  16.71636532,   3.68844387,  18.11458333,
         3.68844387,  16.71636532,  16.3455961 ,   7.91520199,
        17.91400263,  21.78224468,  40.75237798,  21.51822397,
        18.41337435,  17.49127238,   5.48611202,   5.73684813,
        10.73851868,   3.29627757,   8.55391388]), array([  7.82478015,   3.67734748,  10.20010699,   5.13517446,
         6.2068039 ,  18.20375334,  17.77686673,  22.14413064,
        41.46840063,  21.76974533,  17.55881024,   7.30914516,
        15.91822718,  17.44508561,   3.21195711,  18.84375   ,
         3.21195711,  17.44508561,  15.91822718,   7.30914516,
        17.55881024,  21.76974533,  41.46840063,  22.14413064,
        17.77686673,  18.20375334,   6.2068039 ,   5.13517446,
        10.20010699,   3.67734748,   7.82478015]), array([  7.34423903,   3.82531454,  10.10560961,   5.0870286 ,
         6.5443189 ,  18.29901872,  17.4594637 ,  21.90062983,
        41.46744352,  21.3183291 ,  18.04609395,   7.4070458 ,
        16.37495487,  16.98748695,   3.58713467,  18.35416667,
         3.58713467,  16.98748695,  16.37495487,   7.4070458 ,
        18.04609395,  21.3183291 ,  41.46744352,  21.90062983,
        17.4594637 ,  18.29901872,   6.5443189 ,   5.0870286 ,
        10.10560961,   3.82531454,   7.34423903]), array([  5.33831755,   4.39112598,  11.21016177,   6.80337782,
         6.49796886,  16.49338308,  18.95468985,  19.96825823,
        39.26131814,  22.97801427,  16.7142416 ,   8.79737107,
        14.19114869,  18.68101105,   1.85454388,  20.60416667,
         1.85454388,  18.68101105,  14.19114869,   8.79737107,
        16.7142416 ,  22.97801427,  39.26131814,  19.96825823,
        18.95468985,  16.49338308,   6.49796886,   6.80337782,
        11.21016177,   4.39112598,   5.33831755]), array([  4.81926696,   4.54313029,  11.9102264 ,   7.54026992,
         5.96675106,  15.83895341,  19.58801002,  20.38029285,
        39.55921447,  23.22122144,  16.43562962,   8.04745407,
        14.69660349,  18.3332453 ,   2.42726789,  19.85416667,
         2.42726789,  18.3332453 ,  14.69660349,   8.04745407,
        16.43562962,  23.22122144,  39.55921447,  20.38029285,
        19.58801002,  15.83895341,   5.96675106,   7.54026992,
        11.9102264 ,   4.54313029,   4.81926696]), array([  6.01982897,   5.13076013,  10.02533411,   6.62405533,
         7.89713567,  15.70740756,  20.35357561,  18.80132155,
        37.98311201,  25.16714198,  14.54555813,   6.78563564,
        15.1473685 ,  18.29770189,   4.28952174,  17.90625   ,
         4.28952174,  18.29770189,  15.1473685 ,   6.78563564,
        14.54555813,  25.16714198,  37.98311201,  18.80132155,
        20.35357561,  15.70740756,   7.89713567,   6.62405533,
        10.02533411,   5.13076013,   6.01982897]), array([  5.16223237,   3.80805568,  11.40556083,   6.08818475,
         7.21503432,  17.5561764 ,  18.44352248,  17.66496221,
        36.53404838,  26.065116  ,  13.12517212,   7.41070836,
        14.69944434,  19.20319786,   6.26825784,  15.92708333,
         6.26825784,  19.20319786,  14.69944434,   7.41070836,
        13.12517212,  26.065116  ,  36.53404838,  17.66496221,
        18.44352248,  17.5561764 ,   7.21503432,   6.08818475,
        11.40556083,   3.80805568,   5.16223237]), array([  5.16583746,   3.11187535,  11.66352832,   5.39655537,
         7.87222399,  18.18494013,  18.54149872,  16.89861067,
        36.04668408,  26.6461721 ,  12.94475324,   6.55166255,
        15.34037513,  18.48554857,   5.36873676,  16.84375   ,
         5.36873676,  18.48554857,  15.34037513,   6.55166255,
        12.94475324,  26.6461721 ,  36.04668408,  16.89861067,
        18.54149872,  18.18494013,   7.87222399,   5.39655537,
        11.66352832,   3.11187535,   5.16583746]), array([  5.71200651,   1.92737504,  11.37987757,   4.02177462,
         9.21022826,  17.69002885,  19.91382445,  17.70653484,
        37.33970277,  25.33897184,  14.20846988,   7.8340552 ,
        13.99136978,  19.80552962,   6.65421514,  15.46875   ,
         6.65421514,  19.80552962,  13.99136978,   7.8340552 ,
        14.20846988,  25.33897184,  37.33970277,  17.70653484,
        19.91382445,  17.69002885,   9.21022826,   4.02177462,
        11.37987757,   1.92737504,   5.71200651]), array([  4.86278729,   3.37919841,  12.43107565,   5.16611012,
         8.77563365,  19.17709698,  19.58892886,  16.55484624,
        37.15461952,  25.27991188,  15.46372154,   8.58660055,
        12.62322923,  21.285355  ,   7.9809632 ,  13.97916667,
         7.9809632 ,  21.285355  ,  12.62322923,   8.58660055,
        15.46372154,  25.27991188,  37.15461952,  16.55484624,
        19.58892886,  19.17709698,   8.77563365,   5.16611012,
        12.43107565,   3.37919841,   4.86278729]), array([  7.15283847,   0.80066269,   9.46812377,   5.46904657,
         7.03179773,  18.07638623,  16.8293926 ,  14.75718178,
        34.15794639,  28.07406767,  15.89221836,   8.57794066,
        11.33696276,  23.96667994,  10.57151298,  10.96875   ,
        10.57151298,  23.96667994,  11.33696276,   8.57794066,
        15.89221836,  28.07406767,  34.15794639,  14.75718178,
        16.8293926 ,  18.07638623,   7.03179773,   5.46904657,
         9.46812377,   0.80066269,   7.15283847]), array([ 12.56455264,   5.6942445 ,   4.75747363,  10.85932241,
         1.6569921 ,  22.68818473,  14.19884451,  10.43711535,
        36.19661231,  24.57577627,  20.1244836 ,  12.66639373,
        11.25838509,  20.62385816,   7.00024622,  16.58333333,
         7.00024622,  20.62385816,  11.25838509,  12.66639373,
        20.1244836 ,  24.57577627,  36.19661231,  10.43711535,
        14.19884451,  22.68818473,   1.6569921 ,  10.85932241,
         4.75747363,   5.6942445 ,  12.56455264]), array([  6.90845141,   1.425088  ,   7.87423638,   6.89957924,
         7.22839411,  18.48715072,   9.68953262,   7.22454974,
        31.84452948,  28.12612352,  25.49295784,  18.24621153,
        10.71875321,  20.61244616,   8.01979727,  22.23958333,
         8.01979727,  20.61244616,  10.71875321,  18.24621153,
        25.49295784,  28.12612352,  31.84452948,   7.22454974,
         9.68953262,  18.48715072,   7.22839411,   6.89957924,
         7.87423638,   1.425088  ,   6.90845141]), array([  2.55952638,   5.39447702,  10.34125767,   9.24525494,
        10.26015401,  20.84333999,   6.32575244,   3.18320789,
        35.64955884,  23.91386618,  24.50781145,  15.90723163,
        13.26561847,  18.72855796,   5.95879747,  17.66666667,
         5.95879747,  18.72855796,  13.26561847,  15.90723163,
        24.50781145,  23.91386618,  35.64955884,   3.18320789,
         6.32575244,  20.84333999,  10.26015401,   9.24525494,
        10.34125767,   5.39447702,   2.55952638]), array([  9.08153653,   1.87483231,  11.39590646,   2.24927785,
        12.84315771,  14.15606248,   5.24154839,   5.33927078,
        33.85858827,  25.20336742,  30.14167003,  19.54901121,
        20.13424947,  15.13742337,   7.51970738,  10.66666667,
         7.51970738,  15.13742337,  20.13424947,  19.54901121,
        30.14167003,  25.20336742,  33.85858827,   5.33927078,
         5.24154839,  14.15606248,  12.84315771,   2.24927785,
        11.39590646,   1.87483231,   9.08153653]), array([ 12.26655957,   5.23592056,  14.42084597,   2.2286935 ,
        16.20294598,  14.46311797,   3.49159411,   4.9261583 ,
        37.22114204,  21.84793831,  27.10257185,  16.19637734,
        17.13680296,  17.58778158,   6.49761582,  14.03125   ,
         6.49761582,  17.58778158,  17.13680296,  16.19637734,
        27.10257185,  21.84793831,  37.22114204,   4.9261583 ,
         3.49159411,  14.46311797,  16.20294598,   2.2286935 ,
        14.42084597,   5.23592056,  12.26655957]), array([  8.3677727 ,   1.8799069 ,   9.83746488,   2.48741644,
        14.35478194,   9.87266918,   8.19920185,   9.57878629,
        38.56565357,  20.14864162,  26.94917975,  12.9279537 ,
        15.59249604,  22.13593265,   8.49526011,  18.73958333,
         8.49526011,  22.13593265,  15.59249604,  12.9279537 ,
        26.94917975,  20.14864162,  38.56565357,   9.57878629,
         8.19920185,   9.87266918,  14.35478194,   2.48741644,
         9.83746488,   1.8799069 ,   8.3677727 ]), array([  7.57331974,   2.72546081,   8.94339129,   3.74069008,
        15.3906393 ,   9.02468853,   8.63433377,   9.85694662,
        39.85593491,  18.98106436,  25.66963925,  12.80191256,
        15.07959521,  20.65652382,   7.37307786,  17.23958333,
         7.37307786,  20.65652382,  15.07959521,  12.80191256,
        25.66963925,  18.98106436,  39.85593491,   9.85694662,
         8.63433377,   9.02468853,  15.3906393 ,   3.74069008,
         8.94339129,   2.72546081,   7.57331974]), array([ 11.21279221,   3.95578842,  10.93407662,   6.3275613 ,
         9.19101599,   7.28649801,  14.46669782,  16.16111172,
        44.37345489,  13.57904268,  19.95702223,   9.26321959,
        10.8519479 ,  15.60250502,   4.141923  ,  10.80208333,
         4.141923  ,  15.60250502,  10.8519479 ,   9.26321959,
        19.95702223,  13.57904268,  44.37345489,  16.16111172,
        14.46669782,   7.28649801,   9.19101599,   6.3275613 ,
        10.93407662,   3.95578842,  11.21279221]), array([  8.81688098,   3.94961561,  12.55902678,   1.22299181,
        12.39105109,  13.25198322,  12.53184256,  16.42698756,
        41.40839822,  16.6687158 ,  20.72482122,   4.58787117,
         5.88991584,  14.43328095,   7.24593704,   4.35416667,
         7.24593704,  14.43328095,   5.88991584,   4.58787117,
        20.72482122,  16.6687158 ,  41.40839822,  16.42698756,
        12.53184256,  13.25198322,  12.39105109,   1.22299181,
        12.55902678,   3.94961561,   8.81688098]), array([ 11.36155238,   4.73242223,   6.27106413,   7.51607127,
        16.46605274,  10.34231365,   4.85250164,   8.41452634,
        33.15030241,  24.93818333,  28.930231  ,   4.57698338,
         3.85531784,  19.5518443 ,  14.51092914,   4.14583333,
        14.51092914,  19.5518443 ,   3.85531784,   4.57698338,
        28.930231  ,  24.93818333,  33.15030241,   8.41452634,
         4.85250164,  10.34231365,  16.46605274,   7.51607127,
         6.27106413,   4.73242223,  11.36155238]), array([ 13.71539938,   8.35078974,   3.49305029,  10.51696982,
        20.40613791,  14.12332204,   2.90094014,  10.84630633,
        33.10489703,  24.44994527,  26.18757303,   4.7478188 ,
         4.53026316,  15.86257423,  11.3457102 ,   0.16666667,
        11.3457102 ,  15.86257423,   4.53026316,   4.7478188 ,
        26.18757303,  24.44994527,  33.10489703,  10.84630633,
         2.90094014,  14.12332204,  20.40613791,  10.51696982,
         3.49305029,   8.35078974,  13.71539938]), array([ 11.65145987,   5.4352933 ,   9.62516275,  11.18292622,
        18.44446516,  11.3517866 ,   3.65997642,   7.93436208,
        26.85537753,  30.45760252,  28.63907322,  11.10927102,
        10.86329732,   9.38007644,   9.21187593,   6.32291667,
         9.21187593,   9.38007644,  10.86329732,  11.10927102,
        28.63907322,  30.45760252,  26.85537753,   7.93436208,
         3.65997642,  11.3517866 ,  18.44446516,  11.18292622,
         9.62516275,   5.4352933 ,  11.65145987]), array([ 11.85101914,   5.31752589,   6.02785432,   7.52132293,
        15.62123347,   8.24127147,   5.33364468,   3.87310942,
        25.13952363,  33.37276506,  32.74808047,  14.59602918,
        14.68987188,   5.64265214,  10.75207233,  10.44791667,
        10.75207233,   5.64265214,  14.68987188,  14.59602918,
        32.74808047,  33.37276506,  25.13952363,   3.87310942,
         5.33364468,   8.24127147,  15.62123347,   7.52132293,
         6.02785432,   5.31752589,  11.85101914]), array([ 14.2211966 ,   9.11634664,   8.02750722,   1.45021567,
         8.11764281,   2.53098787,  12.27973296,   7.5674126 ,
        19.13073609,  36.64050072,  28.67110925,  14.29509645,
        11.73105901,  11.71194548,   7.75724423,   2.90625   ,
         7.75724423,  11.71194548,  11.73105901,  14.29509645,
        28.67110925,  36.64050072,  19.13073609,   7.5674126 ,
        12.27973296,   2.53098787,   8.11764281,   1.45021567,
         8.02750722,   9.11634664,  14.2211966 ]), array([ 14.95424772,  10.12194266,   9.70666309,   2.98157674,
         7.53420599,   4.10519145,  12.29807975,   8.5438069 ,
        20.55031445,  34.95241861,  27.86514576,  12.87974227,
        11.06532823,  10.59280146,   8.242729  ,   4.61458333,
         8.242729  ,  10.59280146,  11.06532823,  12.87974227,
        27.86514576,  34.95241861,  20.55031445,   8.5438069 ,
        12.29807975,   4.10519145,   7.53420599,   2.98157674,
         9.70666309,  10.12194266,  14.95424772]), array([ 8.69925939,  1.73356214,  1.79819518,  0.62198186,  0.76508317,
        0.51988919,  0.66023893,  0.63958673,  0.40954663,  0.61882106,
        0.45166147,  0.45532691,  0.66272665,  0.28481812,  0.49849644,
        0.58333333,  0.49849644,  0.28481812,  0.66272665,  0.45532691,
        0.45166147,  0.61882106,  0.40954663,  0.63958673,  0.66023893,
        0.51988919,  0.76508317,  0.62198186,  1.79819518,  1.73356214,
        8.69925939]), array([ 8.83969109,  1.64246685,  1.58738991,  0.42943179,  1.11346182,
        0.52301401,  0.29469305,  0.4651482 ,  0.54560703,  0.25300326,
        0.37909784,  0.58782332,  0.11110889,  0.5046572 ,  0.30438839,
        0.1875    ,  0.30438839,  0.5046572 ,  0.11110889,  0.58782332,
        0.37909784,  0.25300326,  0.54560703,  0.4651482 ,  0.29469305,
        0.52301401,  1.11346182,  0.42943179,  1.58738991,  1.64246685,
        8.83969109]), array([ 8.88798282,  1.59776534,  1.29899792,  0.76197533,  1.21168274,
        0.71742139,  0.52682284,  0.40678384,  0.526158  ,  0.47387929,
        0.42809282,  0.14846265,  0.59584054,  0.37844517,  0.40112177,
        0.51041667,  0.40112177,  0.37844517,  0.59584054,  0.14846265,
        0.42809282,  0.47387929,  0.526158  ,  0.40678384,  0.52682284,
        0.71742139,  1.21168274,  0.76197533,  1.29899792,  1.59776534,
        8.88798282]), array([ 8.85429089,  1.58109707,  0.95283196,  1.11289525,  1.03732017,
        0.79209401,  0.76997938,  0.52083333,  0.32726643,  0.56746183,
        0.36070231,  0.53009   ,  0.3371181 ,  0.35650399,  0.32317218,
        0.16666667,  0.32317218,  0.35650399,  0.3371181 ,  0.53009   ,
        0.36070231,  0.56746183,  0.32726643,  0.52083333,  0.76997938,
        0.79209401,  1.03732017,  1.11289525,  0.95283196,  1.58109707,
        8.85429089]), array([ 8.74664873,  1.57912349,  0.6412483 ,  1.3027053 ,  0.65094952,
        0.66747316,  0.70006474,  0.52083333,  0.37594107,  0.25261515,
        0.32192952,  0.43251993,  0.36292787,  0.45698986,  0.3161951 ,
        0.45833333,  0.3161951 ,  0.45698986,  0.36292787,  0.43251993,
        0.32192952,  0.25261515,  0.37594107,  0.52083333,  0.70006474,
        0.66747316,  0.65094952,  1.3027053 ,  0.6412483 ,  1.57912349,
        8.74664873]), array([ 8.56193339,  1.58065329,  0.52175458,  1.30598388,  0.16842153,
        0.4119528 ,  0.35548083,  0.37557826,  0.50210203,  0.37272487,
        0.38673501,  0.21980074,  0.54030397,  0.20032093,  0.3581803 ,
        0.16666667,  0.3581803 ,  0.20032093,  0.54030397,  0.21980074,
        0.38673501,  0.37272487,  0.50210203,  0.37557826,  0.35548083,
        0.4119528 ,  0.16842153,  1.30598388,  0.52175458,  1.58065329,
        8.56193339]), array([ 8.39309148,  1.55478611,  0.59137286,  1.15419058,  0.26934304,
        0.24595788,  0.10423943,  0.22438187,  0.33517553,  0.418724  ,
        0.20807749,  0.37598992,  0.14504934,  0.30834879,  0.0723295 ,
        0.22916667,  0.0723295 ,  0.30834879,  0.14504934,  0.37598992,
        0.20807749,  0.418724  ,  0.33517553,  0.22438187,  0.10423943,
        0.24595788,  0.26934304,  1.15419058,  0.59137286,  1.55478611,
        8.39309148]), array([ 8.22230354,  1.48428672,  0.64628957,  0.90963428,  0.45117249,
        0.18019232,  0.23393473,  0.12543328,  0.05358311,  0.14217804,
        0.11689177,  0.10225512,  0.43570311,  0.03984409,  0.27967931,
        0.07291667,  0.27967931,  0.03984409,  0.43570311,  0.10225512,
        0.11689177,  0.14217804,  0.05358311,  0.12543328,  0.23393473,
        0.18019232,  0.45117249,  0.90963428,  0.64628957,  1.48428672,
        8.22230354]), array([ 8.19298984,  1.46365375,  0.64059813,  0.8680633 ,  0.45191592,
        0.16201683,  0.23342435,  0.10259227,  0.09336875,  0.13416639,
        0.12097242,  0.10695822,  0.40605118,  0.06981317,  0.2380534 ,
        0.03125   ,  0.2380534 ,  0.06981317,  0.40605118,  0.10695822,
        0.12097242,  0.13416639,  0.09336875,  0.10259227,  0.23342435,
        0.16201683,  0.45191592,  0.8680633 ,  0.64059813,  1.46365375,
        8.19298984]), array([ 8.36623257,  1.63181066,  0.79023818,  1.01702669,  0.63022789,
        0.37021641,  0.4376495 ,  0.30494336,  0.22574998,  0.09428105,
        0.32546501,  0.18560741,  0.42437594,  0.27766085,  0.04442388,
        0.17708333,  0.04442388,  0.27766085,  0.42437594,  0.18560741,
        0.32546501,  0.09428105,  0.22574998,  0.30494336,  0.4376495 ,
        0.37021641,  0.63022789,  1.01702669,  0.79023818,  1.63181066,
        8.36623257]), array([ 8.26017411,  1.51968345,  0.67612436,  1.01365999,  0.53457769,
        0.34040233,  0.41368733,  0.34010058,  0.22870468,  0.13963092,
        0.40915153,  0.24082544,  0.52058335,  0.3870526 ,  0.10288126,
        0.29166667,  0.10288126,  0.3870526 ,  0.52058335,  0.24082544,
        0.40915153,  0.13963092,  0.22870468,  0.34010058,  0.41368733,
        0.34040233,  0.53457769,  1.01365999,  0.67612436,  1.51968345,
        8.26017411]), array([ 8.16821087,  1.42750506,  0.59510013,  1.08364222,  0.5473913 ,
        0.42519613,  0.50459653,  0.42555621,  0.31497282,  0.19254633,
        0.42534349,  0.26348838,  0.42717839,  0.31733309,  0.02171632,
        0.19791667,  0.02171632,  0.31733309,  0.42717839,  0.26348838,
        0.42534349,  0.19254633,  0.31497282,  0.42555621,  0.50459653,
        0.42519613,  0.5473913 ,  1.08364222,  0.59510013,  1.42750506,
        8.16821087]), array([ 8.06404421,  1.34170751,  0.56112848,  1.18745253,  0.64571969,
        0.50415656,  0.55522028,  0.39924516,  0.27671008,  0.10675968,
        0.32750774,  0.17022216,  0.51217057,  0.36651917,  0.11661775,
        0.30208333,  0.11661775,  0.36651917,  0.51217057,  0.17022216,
        0.32750774,  0.10675968,  0.27671008,  0.39924516,  0.55522028,
        0.50415656,  0.64571969,  1.18745253,  0.56112848,  1.34170751,
        8.06404421]), array([ 7.66598364,  1.17991911,  0.79587002,  1.4836818 ,  0.99610029,
        0.56467346,  0.39384816,  0.05311479,  0.18635956,  0.37259218,
        0.70345248,  0.57402464,  0.50507523,  0.48135961,  0.28973095,
        0.10416667,  0.28973095,  0.48135961,  0.50507523,  0.57402464,
        0.70345248,  0.37259218,  0.18635956,  0.05311479,  0.39384816,
        0.56467346,  0.99610029,  1.4836818 ,  0.79587002,  1.17991911,
        7.66598364]), array([ 7.24654185,  1.32267294,  1.25147711,  1.60896465,  1.16597331,
        0.46276758,  0.11813477,  0.51052295,  0.56132627,  0.55144849,
        0.70383517,  0.43624833,  0.2822846 ,  0.20748713,  0.18119323,
        0.35416667,  0.18119323,  0.20748713,  0.2822846 ,  0.43624833,
        0.70383517,  0.55144849,  0.56132627,  0.51052295,  0.11813477,
        0.46276758,  1.16597331,  1.60896465,  1.25147711,  1.32267294,
        7.24654185]), array([ 7.0118845 ,  1.5585319 ,  1.51366521,  1.52838129,  1.08294205,
        0.28861692,  0.23546147,  0.58277503,  0.49202966,  0.31415563,
        0.42815594,  0.25767109,  0.48690656,  0.40193814,  0.11273957,
        0.0625    ,  0.11273957,  0.40193814,  0.48690656,  0.25767109,
        0.42815594,  0.31415563,  0.49202966,  0.58277503,  0.23546147,
        0.28861692,  1.08294205,  1.52838129,  1.51366521,  1.5585319 ,
        7.0118845 ]), array([ 6.70324595,  2.03184151,  1.81841272,  1.16339166,  0.67668885,
        0.19547224,  0.48948427,  0.28298079,  0.07592744,  0.44063963,
        0.87315362,  0.71400357,  0.02135885,  0.09507395,  0.37545975,
        0.54166667,  0.37545975,  0.09507395,  0.02135885,  0.71400357,
        0.87315362,  0.44063963,  0.07592744,  0.28298079,  0.48948427,
        0.19547224,  0.67668885,  1.16339166,  1.81841272,  2.03184151,
        6.70324595]), array([ 6.44852914,  2.62081331,  2.03046686,  0.56044397,  0.17886656,
        0.67420545,  0.65807151,  0.32442524,  0.67973124,  0.84635071,
        0.88675256,  0.40575263,  0.5994712 ,  0.55470467,  0.23286872,
        0.0625    ,  0.23286872,  0.55470467,  0.5994712 ,  0.40575263,
        0.88675256,  0.84635071,  0.67973124,  0.32442524,  0.65807151,
        0.67420545,  0.17886656,  0.56044397,  2.03046686,  2.62081331,
        6.44852914]), array([ 6.35390689,  3.17780467,  2.07668972,  0.41791361,  0.77281587,
        0.9816301 ,  0.61088678,  0.75014466,  0.83540257,  0.51776224,
        0.29162214,  0.44321774,  0.38460788,  0.17604888,  0.41337666,
        0.58333333,  0.41337666,  0.17604888,  0.38460788,  0.44321774,
        0.29162214,  0.51776224,  0.83540257,  0.75014466,  0.61088678,
        0.9816301 ,  0.77281587,  0.41791361,  2.07668972,  3.17780467,
        6.35390689]), array([ 6.41039849,  3.46874646,  1.96693461,  0.83865852,  1.11266861,
        0.9226587 ,  0.38124215,  0.68504929,  0.48874813,  0.2240724 ,
        0.71259525,  0.57884656,  0.22605808,  0.28696609,  0.07246326,
        0.15625   ,  0.07246326,  0.28696609,  0.22605808,  0.57884656,
        0.71259525,  0.2240724 ,  0.48874813,  0.68504929,  0.38124215,
        0.9226587 ,  1.11266861,  0.83865852,  1.96693461,  3.46874646,
        6.41039849]), array([ 6.49511672,  3.56482112,  1.81933155,  1.0288547 ,  1.1506622 ,
        0.72736849,  0.15298508,  0.45986958,  0.39471349,  0.45083023,
        0.63960744,  0.35085416,  0.34210865,  0.18474291,  0.20665234,
        0.38541667,  0.20665234,  0.18474291,  0.34210865,  0.35085416,
        0.63960744,  0.45083023,  0.39471349,  0.45986958,  0.15298508,
        0.72736849,  1.1506622 ,  1.0288547 ,  1.81933155,  3.56482112,
        6.49511672]), array([ 6.53017118,  3.56969275,  1.76030316,  1.04660484,  1.11064045,
        0.67487065,  0.14485813,  0.44985048,  0.45719437,  0.42473503,
        0.59527619,  0.40221856,  0.28020864,  0.16771235,  0.15530654,
        0.32291667,  0.15530654,  0.16771235,  0.28020864,  0.40221856,
        0.59527619,  0.42473503,  0.45719437,  0.44985048,  0.14485813,
        0.67487065,  1.11064045,  1.04660484,  1.76030316,  3.56969275,
        6.53017118]), array([ 6.48566914,  3.58901215,  1.82094974,  1.07628189,  1.17292941,
        0.66493581,  0.08307119,  0.38766238,  0.47472864,  0.47210158,
        0.53370223,  0.42059928,  0.22509949,  0.1487098 ,  0.12691794,
        0.26041667,  0.12691794,  0.1487098 ,  0.22509949,  0.42059928,
        0.53370223,  0.47210158,  0.47472864,  0.38766238,  0.08307119,
        0.66493581,  1.17292941,  1.07628189,  1.82094974,  3.58901215,
        6.48566914]), array([ 6.34742533,  3.70045269,  1.93745166,  1.2379047 ,  1.26257181,
        0.50681525,  0.1548783 ,  0.40518022,  0.62329837,  0.33681646,
        0.61889132,  0.51108878,  0.33110187,  0.27190016,  0.2159903 ,
        0.42708333,  0.2159903 ,  0.27190016,  0.33110187,  0.51108878,
        0.61889132,  0.33681646,  0.62329837,  0.40518022,  0.1548783 ,
        0.50681525,  1.26257181,  1.2379047 ,  1.93745166,  3.70045269,
        6.34742533]), array([ 6.10878801,  3.93877702,  2.0094803 ,  1.46558237,  1.19666279,
        0.37721714,  0.3802951 ,  0.65781889,  0.5220156 ,  0.34475663,
        0.74414072,  0.25187265,  0.35214204,  0.03045264,  0.19483556,
        0.16666667,  0.19483556,  0.03045264,  0.35214204,  0.25187265,
        0.74414072,  0.34475663,  0.5220156 ,  0.65781889,  0.3802951 ,
        0.37721714,  1.19666279,  1.46558237,  2.0094803 ,  3.93877702,
        6.10878801]), array([ 5.73363846,  4.32418056,  1.95178203,  1.62960768,  0.86306952,
        0.72476253,  0.5090047 ,  0.6963602 ,  0.21575528,  0.67089813,
        0.36090082,  0.6055834 ,  0.1912892 ,  0.40626731,  0.27725334,
        0.55208333,  0.27725334,  0.40626731,  0.1912892 ,  0.6055834 ,
        0.36090082,  0.67089813,  0.21575528,  0.6963602 ,  0.5090047 ,
        0.72476253,  0.86306952,  1.62960768,  1.95178203,  4.32418056,
        5.73363846]), array([ 5.03644167,  4.9779541 ,  1.63237229,  1.61600889,  0.31953329,
        1.29168891,  0.56744067,  0.26557393,  0.90687035,  0.53089763,
        0.91113268,  0.65223281,  0.7527456 ,  0.341881  ,  0.51700604,
        0.14583333,  0.51700604,  0.341881  ,  0.7527456 ,  0.65223281,
        0.91113268,  0.53089763,  0.90687035,  0.26557393,  0.56744067,
        1.29168891,  0.31953329,  1.61600889,  1.63237229,  4.9779541 ,
        5.03644167]), array([ 4.32683279,  5.53654909,  1.17041362,  1.35647122,  0.94207753,
        1.44737435,  0.61105923,  0.46128312,  1.08240461,  0.19058583,
        1.02887894,  0.1180486 ,  0.24798355,  0.37690584,  0.22279022,
        0.57291667,  0.22279022,  0.37690584,  0.24798355,  0.1180486 ,
        1.02887894,  0.19058583,  1.08240461,  0.46128312,  0.61105923,
        1.44737435,  0.94207753,  1.35647122,  1.17041362,  5.53654909,
        4.32683279]), array([ 3.65612835,  5.94408814,  0.63592298,  0.89558769,  1.57073631,
        1.12000871,  0.59229037,  0.81762539,  0.49554252,  0.65233319,
        0.30435215,  0.75217102,  0.61861912,  0.40985318,  0.55372585,
        0.15625   ,  0.55372585,  0.40985318,  0.61861912,  0.75217102,
        0.30435215,  0.65233319,  0.49554252,  0.81762539,  0.59229037,
        1.12000871,  1.57073631,  0.89558769,  0.63592298,  5.94408814,
        3.65612835]), array([ 3.07088678,  6.18164259,  0.36861769,  0.34330264,  1.876329  ,
        0.39649144,  0.57141055,  0.74571985,  0.5414698 ,  0.64350002,
        1.01116143,  0.47138526,  0.63239522,  0.36123902,  0.21750732,
        0.61458333,  0.21750732,  0.36123902,  0.63239522,  0.47138526,
        1.01116143,  0.64350002,  0.5414698 ,  0.74571985,  0.57141055,
        0.39649144,  1.876329  ,  0.34330264,  0.36861769,  6.18164259,
        3.07088678]), array([ 2.68322888,  6.22762676,  0.96626848,  0.63646165,  1.75647631,
        0.59289461,  0.69382404,  0.37557826,  1.23881567,  0.29980416,
        1.07098656,  0.49856033,  0.33960217,  0.56296092,  0.67665514,
        0.27083333,  0.67665514,  0.56296092,  0.33960217,  0.49856033,
        1.07098656,  0.29980416,  1.23881567,  0.37557826,  0.69382404,
        0.59289461,  1.75647631,  0.63646165,  0.96626848,  6.22762676,
        2.68322888]), array([ 2.73358763,  6.04968539,  1.65226797,  1.32211342,  1.21420775,
        1.38435459,  0.83338668,  0.6292391 ,  1.05147253,  0.69284847,
        0.18682733,  0.85851159,  0.83796631,  0.36212162,  0.24731064,
        0.63541667,  0.24731064,  0.36212162,  0.83796631,  0.85851159,
        0.18682733,  0.69284847,  1.05147253,  0.6292391 ,  0.83338668,
        1.38435459,  1.21420775,  1.32211342,  1.65226797,  6.04968539,
        2.73358763]), array([ 3.030079  ,  5.77479634,  2.00178188,  1.6273201 ,  0.63888885,
        1.55319368,  0.68874518,  0.71359869,  0.44739077,  0.57642639,
        0.77703972,  0.29764317,  0.2754147 ,  0.25072943,  0.3603725 ,
        0.03125   ,  0.3603725 ,  0.25072943,  0.2754147 ,  0.29764317,
        0.77703972,  0.57642639,  0.44739077,  0.71359869,  0.68874518,
        1.55319368,  0.63888885,  1.6273201 ,  2.00178188,  5.77479634,
        3.030079  ]), array([ 3.48842339,  5.34941097,  2.17965299,  1.68625367,  0.3391144 ,
        1.2514901 ,  0.25271199,  0.39597037,  0.81054299,  0.05247753,
        0.72840556,  0.70532076,  0.73733426,  0.36105285,  0.27758751,
        0.63541667,  0.27758751,  0.36105285,  0.73733426,  0.70532076,
        0.72840556,  0.05247753,  0.81054299,  0.39597037,  0.25271199,
        1.2514901 ,  0.3391144 ,  1.68625367,  2.17965299,  5.34941097,
        3.48842339]), array([ 3.93412557,  4.91005306,  2.15919347,  1.51052424,  0.8116926 ,
        0.76381155,  0.23744314,  0.09432693,  1.09094409,  0.52035535,
        0.28179207,  0.70587848,  0.60391479,  0.16888048,  0.22188061,
        0.14583333,  0.22188061,  0.16888048,  0.60391479,  0.70587848,
        0.28179207,  0.52035535,  1.09094409,  0.09432693,  0.23744314,
        0.76381155,  0.8116926 ,  1.51052424,  2.15919347,  4.91005306,
        3.93412557]), array([ 4.27133174,  4.56766115,  2.01141197,  1.23419812,  1.07723008,
        0.66871986,  0.44539284,  0.34626604,  0.83346098,  0.47403116,
        0.61929816,  0.41871554,  0.46687008,  0.18089281,  0.16757936,
        0.48958333,  0.16757936,  0.18089281,  0.46687008,  0.41871554,
        0.61929816,  0.47403116,  0.83346098,  0.34626604,  0.44539284,
        0.66871986,  1.07723008,  1.23419812,  2.01141197,  4.56766115,
        4.27133174]), array([ 4.36507812,  4.47819813,  1.93549481,  1.1406939 ,  1.08220717,
        0.75487871,  0.42167367,  0.33333333,  0.77985736,  0.38195452,
        0.58365541,  0.51246414,  0.53073379,  0.11400221,  0.08726479,
        0.39583333,  0.08726479,  0.11400221,  0.53073379,  0.51246414,
        0.58365541,  0.38195452,  0.77985736,  0.33333333,  0.42167367,
        0.75487871,  1.08220717,  1.1406939 ,  1.93549481,  4.47819813,
        4.36507812]), array([ 4.32429264,  4.51016259,  1.97710626,  1.16828278,  1.11477409,
        0.72640639,  0.46329875,  0.375     ,  0.74106608,  0.35993661,
        0.61024743,  0.54258967,  0.57187202,  0.11560947,  0.05715622,
        0.35416667,  0.05715622,  0.11560947,  0.57187202,  0.54258967,
        0.61024743,  0.35993661,  0.74106608,  0.375     ,  0.46329875,
        0.72640639,  1.11477409,  1.16828278,  1.97710626,  4.51016259,
        4.32429264]), array([ 4.03873467,  4.66396023,  2.25114863,  1.19469331,  1.41483458,
        0.90629619,  0.61712519,  0.4881406 ,  0.74867688,  0.29589345,
        0.3030792 ,  0.61255632,  0.31723335,  0.26353752,  0.35491645,
        0.66666667,  0.35491645,  0.26353752,  0.31723335,  0.61255632,
        0.3030792 ,  0.29589345,  0.74867688,  0.4881406 ,  0.61712519,
        0.90629619,  1.41483458,  1.19469331,  2.25114863,  4.66396023,
        4.03873467]), array([ 3.58393381,  4.78673072,  2.58866063,  1.0080589 ,  1.70011233,
        1.46540703,  0.54967723,  0.37557826,  1.30161865,  0.83199787,
        0.73840327,  0.18127985,  0.69596105,  0.43221168,  0.23138783,
        0.08333333,  0.23138783,  0.43221168,  0.69596105,  0.18127985,
        0.73840327,  0.83199787,  1.30161865,  0.37557826,  0.54967723,
        1.46540703,  1.70011233,  1.0080589 ,  2.58866063,  4.78673072,
        3.58393381]), array([ 3.07705286,  4.77268909,  2.897033  ,  0.71969778,  1.69171027,
        1.9201981 ,  0.65466487,  0.73833521,  1.26734325,  0.86175898,
        1.14156747,  1.15725536,  0.91122618,  0.58924112,  0.79021035,
        1.10416667,  0.79021035,  0.58924112,  0.91122618,  1.15725536,
        1.14156747,  0.86175898,  1.26734325,  0.73833521,  0.65466487,
        1.9201981 ,  1.69171027,  0.71969778,  2.897033  ,  4.77268909,
        3.07705286]), array([ 3.15142372,  4.56055593,  3.09516928,  1.33823737,  1.36496171,
        1.82183237,  1.39490014,  1.42769148,  0.30453697,  0.6624805 ,
        0.48492107,  0.90578632,  0.56008005,  0.94201188,  0.68388261,
        0.34375   ,  0.68388261,  0.94201188,  0.56008005,  0.90578632,
        0.48492107,  0.6624805 ,  0.30453697,  1.42769148,  1.39490014,
        1.82183237,  1.36496171,  1.33823737,  3.09516928,  4.56055593,
        3.15142372]), array([ 3.70724454,  4.29099327,  3.04168778,  1.85616435,  1.04841194,
        1.26919707,  1.47783299,  1.26882526,  0.73194069,  0.71200214,
        0.51950483,  0.15084051,  0.72252797,  0.13321246,  0.29533492,
        0.63541667,  0.29533492,  0.13321246,  0.72252797,  0.15084051,
        0.51950483,  0.71200214,  0.73194069,  1.26882526,  1.47783299,
        1.26919707,  1.04841194,  1.85616435,  3.04168778,  4.29099327,
        3.70724454]), array([ 4.34303825,  3.93369525,  2.76915296,  2.02180791,  0.66386306,
        0.50563457,  0.96309653,  0.5413661 ,  0.82671072,  0.32515316,
        0.53495043,  0.8155452 ,  0.04910256,  0.68792772,  0.48608511,
        0.13541667,  0.48608511,  0.68792772,  0.04910256,  0.8155452 ,
        0.53495043,  0.32515316,  0.82671072,  0.5413661 ,  0.96309653,
        0.50563457,  0.66386306,  2.02180791,  2.76915296,  3.93369525,
        4.34303825]), array([  5.64072337,   5.61800788,   4.57328418,  11.28260222,
         7.53510355,  41.44189166,   8.8141933 ,   5.24839799,
         1.90263531,  11.24612141,   4.99522067,   6.52382625,
         5.61348437,   5.70679531,   3.32105907,   0.84375   ,
         3.32105907,   5.70679531,   5.61348437,   6.52382625,
         4.99522067,  11.24612141,   1.90263531,   5.24839799,
         8.8141933 ,  41.44189166,   7.53510355,  11.28260222,
         4.57328418,   5.61800788,   5.64072337]), array([  3.94873916,   3.01065018,   3.2391659 ,   9.70850461,
         3.19807057,  38.68425296,  10.00912772,   1.27236929,
         3.51001012,  11.85394623,   9.33097425,  10.86482477,
         2.22922546,   8.98961069,   3.46871058,   3.5       ,
         3.46871058,   8.98961069,   2.22922546,  10.86482477,
         9.33097425,  11.85394623,   3.51001012,   1.27236929,
        10.00912772,  38.68425296,   3.19807057,   9.70850461,
         3.2391659 ,   3.01065018,   3.94873916]), array([  4.57113067,   4.07578644,   5.47993806,  12.81960036,
         6.13298502,  36.98365792,  12.9893193 ,   4.6547933 ,
         6.35435602,   9.4420321 ,  11.6149528 ,  13.70835991,
         2.11392961,  11.51390645,   6.1257967 ,   7.10416667,
         6.1257967 ,  11.51390645,   2.11392961,  13.70835991,
        11.6149528 ,   9.4420321 ,   6.35435602,   4.6547933 ,
        12.9893193 ,  36.98365792,   6.13298502,  12.81960036,
         5.47993806,   4.07578644,   4.57113067]), array([  4.90699178,   4.41022121,   6.22987088,  13.53082032,
         6.30305807,  36.23486599,  13.49041675,   4.58375945,
         6.58955478,  10.17728838,  11.76395904,  13.57237769,
         1.96965535,  11.17227535,   5.57787408,   6.35416667,
         5.57787408,  11.17227535,   1.96965535,  13.57237769,
        11.76395904,  10.17728838,   6.58955478,   4.58375945,
        13.49041675,  36.23486599,   6.30305807,  13.53082032,
         6.22987088,   4.41022121,   4.90699178]), array([  5.30714731,   4.65205859,   7.0618202 ,  13.99734064,
         5.73150003,  35.9276998 ,  12.95002167,   3.61512364,
         5.63855809,  10.02842579,  10.86182224,  13.02503339,
         1.65123051,  11.26289019,   6.16077768,   7.32291667,
         6.16077768,  11.26289019,   1.65123051,  13.02503339,
        10.86182224,  10.02842579,   5.63855809,   3.61512364,
        12.95002167,  35.9276998 ,   5.73150003,  13.99734064,
         7.0618202 ,   4.65205859,   5.30714731]), array([  5.68184302,   4.71564816,   7.55825121,  13.78739885,
         4.76310437,  36.67236934,  12.04993493,   3.75881487,
         5.71054128,   9.18971048,  11.67782259,  13.97294302,
         2.36998004,  11.54638481,   5.74700992,   6.35416667,
         5.74700992,  11.54638481,   2.36998004,  13.97294302,
        11.67782259,   9.18971048,   5.71054128,   3.75881487,
        12.04993493,  36.67236934,   4.76310437,  13.78739885,
         7.55825121,   4.71564816,   5.68184302]), array([  5.71665354,   6.30774076,   8.22067074,  16.58832517,
         7.17337405,  33.82577887,  11.85199102,   1.08703295,
         2.87929352,   6.81978892,  12.26061698,  16.79744894,
         5.6408011 ,  13.94242079,   6.11278468,   3.08333333,
         6.11278468,  13.94242079,   5.6408011 ,  16.79744894,
        12.26061698,   6.81978892,   2.87929352,   1.08703295,
        11.85199102,  33.82577887,   7.17337405,  16.58832517,
         8.22067074,   6.30774076,   5.71665354]), array([  5.02398985,   4.03748834,   6.16812276,  14.0689663 ,
         7.60557806,  33.54343081,  14.42742777,   1.66096028,
         1.68124   ,   8.46199394,  10.81496537,  17.78432698,
         7.98505771,  16.51624038,   7.89104999,   0.42708333,
         7.89104999,  16.51624038,   7.98505771,  17.78432698,
        10.81496537,   8.46199394,   1.68124   ,   1.66096028,
        14.42742777,  33.54343081,   7.60557806,  14.0689663 ,
         6.16812276,   4.03748834,   5.02398985]), array([  5.22539496,   4.73797795,   6.88071527,  14.39097249,
         6.90141145,  34.23510381,  14.14577344,   1.9472481 ,
         2.4103318 ,   9.13689962,  10.09082927,  17.55855648,
         8.40524902,  17.23607516,   8.53566484,   0.30208333,
         8.53566484,  17.23607516,   8.40524902,  17.55855648,
        10.09082927,   9.13689962,   2.4103318 ,   1.9472481 ,
        14.14577344,  34.23510381,   6.90141145,  14.39097249,
         6.88071527,   4.73797795,   5.22539496]), array([  5.57934867,   1.48636999,   2.61758108,  17.20012926,
        12.1491978 ,  30.63433051,   9.62461618,   4.54511767,
         6.95232929,  11.05345565,   7.6667496 ,  12.55513699,
        10.64624805,  22.60970283,  14.44893341,   6.34375   ,
        14.44893341,  22.60970283,  10.64624805,  12.55513699,
         7.6667496 ,  11.05345565,   6.95232929,   4.54511767,
         9.62461618,  30.63433051,  12.1491978 ,  17.20012926,
         2.61758108,   1.48636999,   5.57934867]), array([  5.06483917,   1.45425445,   2.93573397,  14.29656707,
        11.88415289,  29.03461385,  12.32595341,   4.79412301,
         7.13242548,   9.75786458,  10.14878755,   9.62612106,
        11.25185963,  24.74202498,  17.38464088,   9.28125   ,
        17.38464088,  24.74202498,  11.25185963,   9.62612106,
        10.14878755,   9.75786458,   7.13242548,   4.79412301,
        12.32595341,  29.03461385,  11.88415289,  14.29656707,
         2.93573397,   1.45425445,   5.06483917]), array([  4.9029466 ,   1.18156777,   3.63668529,  16.24522072,
         9.98767678,  31.33608002,  12.89633439,   2.8036512 ,
         5.16387559,   7.44181909,  12.23779293,   8.32449584,
        10.9082628 ,  25.85998053,  19.65436332,  11.60416667,
        19.65436332,  25.85998053,  10.9082628 ,   8.32449584,
        12.23779293,   7.44181909,   5.16387559,   2.8036512 ,
        12.89633439,  31.33608002,   9.98767678,  16.24522072,
         3.63668529,   1.18156777,   4.9029466 ]), array([  6.35835561,   2.74575875,   1.33312418,  15.74060756,
        13.76637825,  30.55883489,   9.04485277,   2.92441308,
         3.34579604,   6.61436448,  13.49548998,  10.19367489,
         9.15678441,  26.72139776,  23.30476681,  15.51041667,
        23.30476681,  26.72139776,   9.15678441,  10.19367489,
        13.49548998,   6.61436448,   3.34579604,   2.92441308,
         9.04485277,  30.55883489,  13.76637825,  15.74060756,
         1.33312418,   2.74575875,   6.35835561]), array([  4.59961507,   1.24141821,   3.24422682,  13.98551172,
        13.03321372,  28.2737739 ,   9.42497206,   5.19891857,
         6.00216704,   9.2028565 ,  12.3993598 ,  12.86862174,
         7.30944324,  26.59218515,  25.6605679 ,  18.19791667,
        25.6605679 ,  26.59218515,   7.30944324,  12.86862174,
        12.3993598 ,   9.2028565 ,   6.00216704,   5.19891857,
         9.42497206,  28.2737739 ,  13.03321372,  13.98551172,
         3.24422682,   1.24141821,   4.59961507]), array([  3.53775736,   3.32364255,   5.70167104,  11.53768601,
        14.9171945 ,  26.26381204,   7.31808865,   6.58014328,
         5.75323112,   8.01463068,  14.80571857,  11.08691927,
         9.67560348,  27.63084914,  23.77163766,  15.71875   ,
        23.77163766,  27.63084914,   9.67560348,  11.08691927,
        14.80571857,   8.01463068,   5.75323112,   6.58014328,
         7.31808865,  26.26381204,  14.9171945 ,  11.53768601,
         5.70167104,   3.32364255,   3.53775736]), array([  3.90091602,   6.51705344,   8.41956352,   9.10279896,
        17.97244433,  27.26108615,   5.3924301 ,   4.79008126,
         2.5801198 ,   6.11109473,  12.68016928,  11.35807222,
         6.7258674 ,  25.2796015 ,  25.80160781,  18.91666667,
        25.80160781,  25.2796015 ,   6.7258674 ,  11.35807222,
        12.68016928,   6.11109473,   2.5801198 ,   4.79008126,
         5.3924301 ,  27.26108615,  17.97244433,   9.10279896,
         8.41956352,   6.51705344,   3.90091602]), array([  4.08170179,   3.90181446,   7.33107837,   9.54338379,
        17.25656903,  24.13674217,   3.38504614,   7.80805429,
         3.22478125,   2.99335989,  14.04931616,  10.05629758,
         5.89835269,  22.42614775,  27.53967951,  22.04166667,
        27.53967951,  22.42614775,   5.89835269,  10.05629758,
        14.04931616,   2.99335989,   3.22478125,   7.80805429,
         3.38504614,  24.13674217,  17.25656903,   9.54338379,
         7.33107837,   3.90181446,   4.08170179]), array([  4.00106416,   3.95732834,   7.27600289,   9.60656897,
        17.15615514,  24.19159336,   3.51826432,   7.83663633,
         3.34178012,   2.95680259,  14.18466064,   9.93721982,
         5.97258045,  22.29093575,  27.59779878,  22.17708333,
        27.59779878,  22.29093575,   5.97258045,   9.93721982,
        14.18466064,   2.95680259,   3.34178012,   7.83663633,
         3.51826432,  24.19159336,  17.15615514,   9.60656897,
         7.27600289,   3.95732834,   4.00106416]), array([  2.73207827,   5.12581334,   4.97047959,  12.58954624,
        14.18339879,  22.18396607,   4.72291787,  10.86596148,
         5.21312452,   1.91545068,  12.64029652,  12.92471459,
         3.33808366,  25.22095765,  27.00239656,  19.09375   ,
        27.00239656,  25.22095765,   3.33808366,  12.92471459,
        12.64029652,   1.91545068,   5.21312452,  10.86596148,
         4.72291787,  22.18396607,  14.18339879,  12.58954624,
         4.97047959,   5.12581334,   2.73207827]), array([  3.02848595,   5.87573942,   3.36762138,  14.09155066,
        13.78205461,  20.51003964,   3.93294692,  10.72918689,
         4.0710702 ,   3.38300881,  11.80885835,  12.08003857,
         5.06234027,  23.90467418,  26.95795899,  20.83333333,
        26.95795899,  23.90467418,   5.06234027,  12.08003857,
        11.80885835,   3.38300881,   4.0710702 ,  10.72918689,
         3.93294692,  20.51003964,  13.78205461,  14.09155066,
         3.36762138,   5.87573942,   3.02848595]), array([  3.90794237,   6.46094832,   1.59466203,  14.70222863,
        15.13018682,  20.39885032,   2.15339424,   8.93752428,
         3.03607002,   2.43910635,  13.58201459,  11.60556295,
         3.5718844 ,  24.72419517,  27.35236989,  19.04166667,
        27.35236989,  24.72419517,   3.5718844 ,  11.60556295,
        13.58201459,   2.43910635,   3.03607002,   8.93752428,
         2.15339424,  20.39885032,  15.13018682,  14.70222863,
         1.59466203,   6.46094832,   3.90794237]), array([  3.39958799,   6.73027966,   3.71863123,  15.76373263,
        12.83380753,  18.1997546 ,   3.30673193,   9.26667158,
         0.80564561,   4.60577706,  15.29671995,   9.68524629,
         3.75369502,  25.11838233,  28.49279167,  16.61458333,
        28.49279167,  25.11838233,   3.75369502,   9.68524629,
        15.29671995,   4.60577706,   0.80564561,   9.26667158,
         3.30673193,  18.1997546 ,  12.83380753,  15.76373263,
         3.71863123,   6.73027966,   3.39958799]), array([  3.263531  ,   6.3948744 ,   3.40382567,  15.23119705,
        12.97082266,  18.62057938,   3.60952315,   9.80022897,
         1.21278769,   4.98794636,  15.22983834,   9.13402109,
         4.2278953 ,  25.02451915,  28.86123835,  16.0625    ,
        28.86123835,  25.02451915,   4.2278953 ,   9.13402109,
        15.22983834,   4.98794636,   1.21278769,   9.80022897,
         3.60952315,  18.62057938,  12.97082266,  15.23119705,
         3.40382567,   6.3948744 ,   3.263531  ]), array([  3.55060213,   6.95993813,   3.43579329,  15.80601847,
        13.40796115,  18.82599027,   3.03192106,   9.6572388 ,
         1.73399454,   4.7881066 ,  14.65264918,   8.71116565,
         4.8820521 ,  24.68632426,  29.3915237 ,  15.40625   ,
        29.3915237 ,  24.68632426,   4.8820521 ,   8.71116565,
        14.65264918,   4.7881066 ,   1.73399454,   9.6572388 ,
         3.03192106,  18.82599027,  13.40796115,  15.80601847,
         3.43579329,   6.95993813,   3.55060213]), array([  4.85740407,   0.92667278,   8.52058369,  15.25646579,
         7.10379901,  12.38403014,   6.1293792 ,   3.52115691,
         6.11845424,   1.86145683,   9.38735875,  11.41750377,
        10.73453235,  19.92244045,  35.37125035,   8.94791667,
        35.37125035,  19.92244045,  10.73453235,  11.41750377,
         9.38735875,   1.86145683,   6.11845424,   3.52115691,
         6.1293792 ,  12.38403014,   7.10379901,  15.25646579,
         8.52058369,   0.92667278,   4.85740407]), array([  5.23590313,   0.61240872,   9.01975681,  15.66280675,
         6.97658309,  12.15651396,   6.00468004,   3.2909084 ,
         6.1776913 ,   1.92825656,   9.29615676,  10.90858522,
        10.41388231,  20.38275447,  34.86703867,   9.45833333,
        34.86703867,  20.38275447,  10.41388231,  10.90858522,
         9.29615676,   1.92825656,   6.1776913 ,   3.2909084 ,
         6.00468004,  12.15651396,   6.97658309,  15.66280675,
         9.01975681,   0.61240872,   5.23590313]), array([  4.13489576,   3.15036364,   7.38207061,  12.99921102,
         5.46606229,  10.53957552,   8.7025137 ,   1.32390055,
         8.8741881 ,   4.61686572,   6.9452732 ,   9.02900327,
        10.57003752,  23.07785224,  32.17136031,  12.15625   ,
        32.17136031,  23.07785224,  10.57003752,   9.02900327,
         6.9452732 ,   4.61686572,   8.8741881 ,   1.32390055,
         8.7025137 ,  10.53957552,   5.46606229,  12.99921102,
         7.38207061,   3.15036364,   4.13489576]), array([  5.0763709 ,   5.81287752,   8.05172659,  11.6609691 ,
         2.85067032,   7.8726129 ,   9.5897681 ,   1.4654958 ,
         8.68539206,   4.22560983,   9.5132446 ,   9.11880798,
         8.88768696,  20.55443299,  34.80875717,   9.44791667,
        34.80875717,  20.55443299,   8.88768696,   9.11880798,
         9.5132446 ,   4.22560983,   8.68539206,   1.4654958 ,
         9.5897681 ,   7.8726129 ,   2.85067032,  11.6609691 ,
         8.05172659,   5.81287752,   5.0763709 ]), array([  4.84581078,   5.53628077,   7.78084356,  11.549051  ,
         3.11992088,   7.93990685,   9.84546297,   1.42712135,
         9.0063994 ,   4.54112104,   9.61803755,   8.93966431,
         8.59466274,  20.32788775,  35.10428406,   9.125     ,
        35.10428406,  20.32788775,   8.59466274,   8.93966431,
         9.61803755,   4.54112104,   9.0063994 ,   1.42712135,
         9.84546297,   7.93990685,   3.11992088,  11.549051  ,
         7.78084356,   5.53628077,   4.84581078]), array([  5.06255032,   5.69174493,   8.04125959,  11.78468816,
         3.12208159,   8.15288002,   9.65253264,   1.16671317,
         9.08754889,   4.69299751,   9.46581796,   8.68526579,
         8.33716365,  20.23292396,  35.31814789,   8.86458333,
        35.31814789,  20.23292396,   8.33716365,   8.68526579,
         9.46581796,   4.69299751,   9.08754889,   1.16671317,
         9.65253264,   8.15288002,   3.12208159,  11.78468816,
         8.04125959,   5.69174493,   5.06255032]), array([  1.98176197,   6.05021767,   5.20430899,   8.11711923,
         2.09660269,   5.24672606,   8.29476524,   4.20668284,
         5.95844295,   4.36566575,   5.43661114,   5.71057259,
         6.01453826,  20.73084088,  38.23234817,   4.83333333,
        38.23234817,  20.73084088,   6.01453826,   5.71057259,
         5.43661114,   4.36566575,   5.95844295,   4.20668284,
         8.29476524,   5.24672606,   2.09660269,   8.11711923,
         5.20430899,   6.05021767,   1.98176197]), array([  1.98176197,   6.05021767,   5.20430899,   8.11711923,
         2.09660269,   5.24672606,   8.29476524,   4.20668284,
         5.95844295,   4.36566575,   5.43661114,   5.71057259,
         6.01453826,  20.73084088,  38.23234817,   4.83333333,
        38.23234817,  20.73084088,   6.01453826,   5.71057259,
         5.43661114,   4.36566575,   5.95844295,   4.20668284,
         8.29476524,   5.24672606,   2.09660269,   8.11711923,
         5.20430899,   6.05021767,   1.98176197]), array([  4.28243195,   3.6480464 ,   4.18225859,   7.16724778,
         4.72833896,   2.68787921,   9.37879231,   6.82955307,
         5.75643586,   6.92169463,   4.94697626,   3.84276514,
         4.4500329 ,  18.51594427,  37.13619017,   7.52083333,
        37.13619017,  18.51594427,   4.4500329 ,   3.84276514,
         4.94697626,   6.92169463,   5.75643586,   6.82955307,
         9.37879231,   2.68787921,   4.72833896,   7.16724778,
         4.18225859,   3.6480464 ,   4.28243195]), array([  4.5606327 ,   3.37394166,   4.00804023,   6.93610171,
         4.91912869,   2.71531678,   9.17443974,   6.7871678 ,
         6.02104051,   6.88653215,   5.17045025,   4.11616246,
         4.68646141,  18.78862395,  37.19059982,   7.23958333,
        37.19059982,  18.78862395,   4.68646141,   4.11616246,
         5.17045025,   6.88653215,   6.02104051,   6.7871678 ,
         9.17443974,   2.71531678,   4.91912869,   6.93610171,
         4.00804023,   3.37394166,   4.5606327 ]), array([  8.15149971,   0.59081119,   1.35279988,   3.44550962,
         5.4377984 ,   6.26335168,   6.55023186,   3.25803627,
         5.20933069,   4.10486598,   2.1651285 ,   2.17715609,
         1.10115663,  15.24274937,  37.35651153,  10.83333333,
        37.35651153,  15.24274937,   1.10115663,   2.17715609,
         2.1651285 ,   4.10486598,   5.20933069,   3.25803627,
         6.55023186,   6.26335168,   5.4377984 ,   3.44550962,
         1.35279988,   0.59081119,   8.15149971]), array([  2.23668666,   6.22398814,   7.62104177,   8.70736101,
        10.4045084 ,   6.61484593,   5.40137067,   6.56759888,
        11.85247825,   2.86263908,   7.68144856,   8.39354589,
         5.88226639,  10.3092321 ,  39.77854733,  17.48958333,
        39.77854733,  10.3092321 ,   5.88226639,   8.39354589,
         7.68144856,   2.86263908,  11.85247825,   6.56759888,
         5.40137067,   6.61484593,  10.4045084 ,   8.70736101,
         7.62104177,   6.22398814,   2.23668666]), array([  2.50597061,   8.40236178,   9.7898621 ,   9.90285618,
        12.51786105,   8.93601126,   3.77504139,   5.82347567,
        11.52696131,   2.12404123,   6.10079634,   6.60249534,
         3.9208647 ,  11.11830757,  38.40345951,  15.13541667,
        38.40345951,  11.11830757,   3.9208647 ,   6.60249534,
         6.10079634,   2.12404123,  11.52696131,   5.82347567,
         3.77504139,   8.93601126,  12.51786105,   9.90285618,
         9.7898621 ,   8.40236178,   2.50597061]), array([ 2.74922488,  0.92778937,  0.37950755,  0.2060046 ,  0.02283558,
        0.38849858,  0.30662293,  0.33284469,  0.31537857,  0.229717  ,
        0.08127275,  0.1191752 ,  0.39945678,  0.22087802,  0.11438395,
        0.11458333,  0.11438395,  0.22087802,  0.39945678,  0.1191752 ,
        0.08127275,  0.229717  ,  0.31537857,  0.33284469,  0.30662293,
        0.38849858,  0.02283558,  0.2060046 ,  0.37950755,  0.92778937,
        2.74922488]), array([ 2.72883315,  0.85902785,  0.36840237,  0.23551712,  0.10468542,
        0.32932708,  0.29039221,  0.37557826,  0.30820906,  0.19957333,
        0.10288272,  0.19565707,  0.39037344,  0.16687666,  0.19609154,
        0.02083333,  0.19609154,  0.16687666,  0.39037344,  0.19565707,
        0.10288272,  0.19957333,  0.30820906,  0.37557826,  0.29039221,
        0.32932708,  0.10468542,  0.23551712,  0.36840237,  0.85902785,
        2.72883315]), array([ 2.70517226,  0.80160109,  0.33809903,  0.22707281,  0.14069837,
        0.26813057,  0.2291725 ,  0.32542707,  0.24628686,  0.14795071,
        0.04179238,  0.18540614,  0.35818878,  0.17855375,  0.13510983,
        0.08333333,  0.13510983,  0.17855375,  0.35818878,  0.18540614,
        0.04179238,  0.14795071,  0.24628686,  0.32542707,  0.2291725 ,
        0.26813057,  0.14069837,  0.22707281,  0.33809903,  0.80160109,
        2.70517226]), array([ 2.81753585,  0.99945502,  0.51695602,  0.39279758,  0.2616537 ,
        0.35856011,  0.35929051,  0.47701055,  0.25791551,  0.09389237,
        0.19176885,  0.35417646,  0.20978594,  0.2626855 ,  0.0638557 ,
        0.28125   ,  0.0638557 ,  0.2626855 ,  0.20978594,  0.35417646,
        0.19176885,  0.09389237,  0.25791551,  0.47701055,  0.35929051,
        0.35856011,  0.2616537 ,  0.39279758,  0.51695602,  0.99945502,
        2.81753585]), array([ 3.02280535,  1.25577354,  0.78279051,  0.65302656,  0.52060741,
        0.34606472,  0.34988205,  0.40678384,  0.06985714,  0.18720499,
        0.18839474,  0.15019336,  0.47084664,  0.28791745,  0.21187023,
        0.01041667,  0.21187023,  0.28791745,  0.47084664,  0.15019336,
        0.18839474,  0.18720499,  0.06985714,  0.40678384,  0.34988205,
        0.34606472,  0.52060741,  0.65302656,  0.78279051,  1.25577354,
        3.02280535]), array([ 3.32139276,  1.52857482,  1.05237724,  0.87878894,  0.7150045 ,
        0.24730423,  0.18812973,  0.07583448,  0.26409308,  0.27837927,
        0.15293778,  0.30561151,  0.21242921,  0.18417167,  0.12400194,
        0.34375   ,  0.12400194,  0.18417167,  0.21242921,  0.30561151,
        0.15293778,  0.27837927,  0.26409308,  0.07583448,  0.18812973,
        0.24730423,  0.7150045 ,  0.87878894,  1.05237724,  1.52857482,
        3.32139276]), array([ 3.37198803,  1.55989785,  1.07620098,  0.88597803,  0.70893224,
        0.21083473,  0.1413406 ,  0.07933097,  0.25739327,  0.23660329,
        0.11976901,  0.29349052,  0.21317014,  0.18437631,  0.07197463,
        0.29166667,  0.07197463,  0.18437631,  0.21317014,  0.29349052,
        0.11976901,  0.23660329,  0.25739327,  0.07933097,  0.1413406 ,
        0.21083473,  0.70893224,  0.88597803,  1.07620098,  1.55989785,
        3.37198803]), array([ 3.44484346,  1.58062955,  1.07194051,  0.84583564,  0.64622142,
        0.14275386,  0.10772306,  0.14914397,  0.18703439,  0.2252977 ,
        0.10988295,  0.25696126,  0.25366004,  0.15976415,  0.14369449,
        0.36458333,  0.14369449,  0.15976415,  0.25366004,  0.25696126,
        0.10988295,  0.2252977 ,  0.18703439,  0.14914397,  0.10772306,
        0.14275386,  0.64622142,  0.84583564,  1.07194051,  1.58062955,
        3.44484346]), array([ 3.47571834,  1.57837059,  1.05425633,  0.81549966,  0.6177944 ,
        0.14783883,  0.13712212,  0.14583333,  0.20409806,  0.25441946,
        0.13390885,  0.2862204 ,  0.22367835,  0.1775829 ,  0.11450509,
        0.33333333,  0.11450509,  0.1775829 ,  0.22367835,  0.2862204 ,
        0.13390885,  0.25441946,  0.20409806,  0.14583333,  0.13712212,
        0.14783883,  0.6177944 ,  0.81549966,  1.05425633,  1.57837059,
        3.47571834]), array([ 3.38782955,  1.62177272,  1.14144391,  0.89727618,  0.63859886,
        0.05601756,  0.12343621,  0.23958333,  0.15776515,  0.3251418 ,
        0.22396978,  0.37299181,  0.13624399,  0.26380267,  0.06536275,
        0.23958333,  0.06536275,  0.26380267,  0.13624399,  0.37299181,
        0.22396978,  0.3251418 ,  0.15776515,  0.23958333,  0.12343621,
        0.05601756,  0.63859886,  0.89727618,  1.14144391,  1.62177272,
        3.38782955]), array([ 3.3349274 ,  1.6711756 ,  1.20240859,  0.91772646,  0.60097079,
        0.04900729,  0.1859159 ,  0.24760134,  0.2201335 ,  0.34438803,
        0.20943045,  0.35048383,  0.17517697,  0.2014804 ,  0.08134699,
        0.30208333,  0.08134699,  0.2014804 ,  0.17517697,  0.35048383,
        0.20943045,  0.34438803,  0.2201335 ,  0.24760134,  0.1859159 ,
        0.04900729,  0.60097079,  0.91772646,  1.20240859,  1.6711756 ,
        3.3349274 ]), array([ 3.23839213,  1.80253639,  1.29990508,  0.87136707,  0.46557683,
        0.18401297,  0.24839053,  0.12147816,  0.24164845,  0.20897853,
        0.13460338,  0.30944168,  0.19519279,  0.32765461,  0.12272214,
        0.16666667,  0.12272214,  0.32765461,  0.19519279,  0.30944168,
        0.13460338,  0.20897853,  0.24164845,  0.12147816,  0.24839053,
        0.18401297,  0.46557683,  0.87136707,  1.29990508,  1.80253639,
        3.23839213]), array([ 3.19884787,  1.87459494,  1.319947  ,  0.80844099,  0.43074332,
        0.22010045,  0.21356125,  0.1046862 ,  0.17195666,  0.24551708,
        0.20403779,  0.36896709,  0.13444861,  0.27481204,  0.06454628,
        0.23958333,  0.06454628,  0.27481204,  0.13444861,  0.36896709,
        0.20403779,  0.24551708,  0.17195666,  0.1046862 ,  0.21356125,
        0.22010045,  0.43074332,  0.80844099,  1.319947  ,  1.87459494,
        3.19884787]), array([ 3.1300807 ,  2.05575658,  1.27733746,  0.60766946,  0.56900874,
        0.21708787,  0.03345963,  0.31267356,  0.2482119 ,  0.39298028,
        0.14757895,  0.17270312,  0.34205344,  0.39505898,  0.25966412,
        0.03125   ,  0.25966412,  0.39505898,  0.34205344,  0.17270312,
        0.14757895,  0.39298028,  0.2482119 ,  0.31267356,  0.03345963,
        0.21708787,  0.56900874,  0.60766946,  1.27733746,  2.05575658,
        3.1300807 ]), array([ 3.11319066,  2.21550461,  1.13461783,  0.54232013,  0.80182376,
        0.19488829,  0.2719429 ,  0.3875224 ,  0.42646617,  0.23859383,
        0.0990904 ,  0.33161534,  0.18314762,  0.35978239,  0.02125235,
        0.27083333,  0.02125235,  0.35978239,  0.18314762,  0.33161534,
        0.0990904 ,  0.23859383,  0.42646617,  0.3875224 ,  0.2719429 ,
        0.19488829,  0.80182376,  0.54232013,  1.13461783,  2.21550461,
        3.11319066]), array([ 3.15632049,  2.30526564,  0.93977496,  0.70560771,  0.90765721,
        0.18775484,  0.38586516,  0.24760134,  0.3281244 ,  0.16876575,
        0.21231185,  0.3469731 ,  0.24221454,  0.30342815,  0.23718795,
        0.05208333,  0.23718795,  0.30342815,  0.24221454,  0.3469731 ,
        0.21231185,  0.16876575,  0.3281244 ,  0.24760134,  0.38586516,
        0.18775484,  0.90765721,  0.70560771,  0.93977496,  2.30526564,
        3.15632049]), array([ 3.23397822,  2.32504529,  0.763177  ,  0.88070777,  0.86000985,
        0.17103462,  0.32811751,  0.10724615,  0.17648301,  0.32727403,
        0.1055236 ,  0.19533536,  0.274706  ,  0.39571198,  0.077946  ,
        0.22916667,  0.077946  ,  0.39571198,  0.274706  ,  0.19533536,
        0.1055236 ,  0.32727403,  0.17648301,  0.10724615,  0.32811751,
        0.17103462,  0.86000985,  0.88070777,  0.763177  ,  2.32504529,
        3.23397822]), array([ 3.33386014,  2.29249649,  0.64815239,  0.98332775,  0.71975494,
        0.13185452,  0.17370322,  0.25536772,  0.31737997,  0.25409121,
        0.09727382,  0.3515129 ,  0.15201125,  0.26139595,  0.20809618,
        0.07291667,  0.20809618,  0.26139595,  0.15201125,  0.3515129 ,
        0.09727382,  0.25409121,  0.31737997,  0.25536772,  0.17370322,
        0.13185452,  0.71975494,  0.98332775,  0.64815239,  2.29249649,
        3.33386014]), array([ 3.37506901,  2.26484498,  0.6419171 ,  0.98432793,  0.67397602,
        0.09804094,  0.16034637,  0.27083333,  0.32813906,  0.21396478,
        0.11642213,  0.31776879,  0.20168973,  0.31177284,  0.16495789,
        0.125     ,  0.16495789,  0.31177284,  0.20168973,  0.31776879,
        0.11642213,  0.21396478,  0.32813906,  0.27083333,  0.16034637,
        0.09804094,  0.67397602,  0.98432793,  0.6419171 ,  2.26484498,
        3.37506901]), array([ 3.37506901,  2.26484498,  0.6419171 ,  0.98432793,  0.67397602,
        0.09804094,  0.16034637,  0.27083333,  0.32813906,  0.21396478,
        0.11642213,  0.31776879,  0.20168973,  0.31177284,  0.16495789,
        0.125     ,  0.16495789,  0.31177284,  0.20168973,  0.31776879,
        0.11642213,  0.21396478,  0.32813906,  0.27083333,  0.16034637,
        0.09804094,  0.67397602,  0.98432793,  0.6419171 ,  2.26484498,
        3.37506901]), array([ 3.14417971,  2.49844381,  0.44223927,  1.22371037,  0.50703282,
        0.28178598,  0.21549131,  0.42504595,  0.38522862,  0.31804486,
        0.20067668,  0.191322  ,  0.19777098,  0.16525575,  0.34999586,
        0.11458333,  0.34999586,  0.16525575,  0.19777098,  0.191322  ,
        0.20067668,  0.31804486,  0.38522862,  0.42504595,  0.21549131,
        0.28178598,  0.50703282,  1.22371037,  0.44223927,  2.49844381,
        3.14417971]), array([ 2.83289888,  2.80647107,  0.13877555,  1.46813681,  0.19476477,
        0.43120879,  0.50034342,  0.34938562,  0.14517466,  0.51579343,
        0.16261557,  0.47434127,  0.1439741 ,  0.3177888 ,  0.20609893,
        0.19791667,  0.20609893,  0.3177888 ,  0.1439741 ,  0.47434127,
        0.16261557,  0.51579343,  0.14517466,  0.34938562,  0.50034342,
        0.43120879,  0.19476477,  1.46813681,  0.13877555,  2.80647107,
        2.83289888]), array([ 2.46019946,  3.13187823,  0.23882228,  1.57970874,  0.32420469,
        0.47469169,  0.60345463,  0.06987712,  0.26024607,  0.28055944,
        0.23204316,  0.23837081,  0.33263699,  0.31272419,  0.36396889,
        0.17708333,  0.36396889,  0.31272419,  0.33263699,  0.23837081,
        0.23204316,  0.28055944,  0.26024607,  0.06987712,  0.60345463,
        0.47469169,  0.32420469,  1.57970874,  0.23882228,  3.13187823,
        2.46019946]), array([ 1.99089599,  3.47112155,  0.71878735,  1.47570589,  0.80561697,
        0.43453442,  0.43688318,  0.43861465,  0.58389059,  0.31592176,
        0.35933793,  0.40774888,  0.18558113,  0.28552632,  0.34478449,
        0.32291667,  0.34478449,  0.28552632,  0.18558113,  0.40774888,
        0.35933793,  0.31592176,  0.58389059,  0.43861465,  0.43688318,
        0.43453442,  0.80561697,  1.47570589,  0.71878735,  3.47112155,
        1.99089599]), array([ 1.51902203,  3.75719582,  1.24155599,  1.10238693,  1.19542017,
        0.48698783,  0.261673  ,  0.72916667,  0.52980009,  0.73090276,
        0.35867323,  0.63157925,  0.43598932,  0.52053602,  0.38911383,
        0.29166667,  0.38911383,  0.52053602,  0.43598932,  0.63157925,
        0.35867323,  0.73090276,  0.52980009,  0.72916667,  0.261673  ,
        0.48698783,  1.19542017,  1.10238693,  1.24155599,  3.75719582,
        1.51902203]), array([ 1.30675866,  4.05232522,  1.99134249,  0.36728258,  1.51322047,
        0.95122908,  0.9352193 ,  0.82495791,  0.54187621,  0.68598487,
        0.71240106,  0.40084464,  0.66890834,  0.50444387,  0.77772382,
        0.72916667,  0.77772382,  0.50444387,  0.66890834,  0.40084464,
        0.71240106,  0.68598487,  0.54187621,  0.82495791,  0.9352193 ,
        0.95122908,  1.51322047,  0.36728258,  1.99134249,  4.05232522,
        1.30675866]), array([ 1.62269993,  4.11129465,  2.31027529,  0.41291325,  1.44320166,
        1.07399533,  1.08389254,  0.58370524,  0.58614584,  0.25702386,
        0.5025353 ,  0.35366024,  0.18669263,  0.28281793,  0.20040386,
        0.125     ,  0.20040386,  0.28281793,  0.18669263,  0.35366024,
        0.5025353 ,  0.25702386,  0.58614584,  0.58370524,  1.08389254,
        1.07399533,  1.44320166,  0.41291325,  2.31027529,  4.11129465,
        1.62269993]), array([ 2.11508803,  4.02359808,  2.4289486 ,  0.76239686,  1.05529745,
        0.8369332 ,  0.75633268,  0.02083333,  0.24930051,  0.38229096,
        0.23319306,  0.23367013,  0.54316801,  0.38141647,  0.77157664,
        0.70833333,  0.77157664,  0.38141647,  0.54316801,  0.23367013,
        0.23319306,  0.38229096,  0.24930051,  0.02083333,  0.75633268,
        0.8369332 ,  1.05529745,  0.76239686,  2.4289486 ,  4.02359808,
        2.11508803]), array([ 2.66902975,  3.79740409,  2.34509922,  1.04885811,  0.48413228,
        0.32597227,  0.19616274,  0.55208333,  0.32362836,  0.67203692,
        0.70321784,  0.41029604,  0.49339481,  0.417342  ,  0.20821853,
        0.13541667,  0.20821853,  0.417342  ,  0.49339481,  0.41029604,
        0.70321784,  0.67203692,  0.32362836,  0.55208333,  0.19616274,
        0.32597227,  0.48413228,  1.04885811,  2.34509922,  3.79740409,
        2.66902975]), array([ 2.96055543,  3.60940319,  2.18959393,  1.08775649,  0.36949499,
        0.12715462,  0.3857687 ,  0.62439207,  0.38976285,  0.45551199,
        0.50946508,  0.19136586,  0.26825051,  0.17136253,  0.48157418,
        0.42708333,  0.48157418,  0.17136253,  0.26825051,  0.19136586,
        0.50946508,  0.45551199,  0.38976285,  0.62439207,  0.3857687 ,
        0.12715462,  0.36949499,  1.08775649,  2.18959393,  3.60940319,
        2.96055543]), array([ 3.16618539,  3.42889048,  2.00656959,  1.00126901,  0.55012634,
        0.32716164,  0.54555967,  0.45081427,  0.21754516,  0.39232694,
        0.45829235,  0.22883376,  0.46738742,  0.36619485,  0.30411093,
        0.21875   ,  0.30411093,  0.36619485,  0.46738742,  0.22883376,
        0.45829235,  0.39232694,  0.21754516,  0.45081427,  0.54555967,
        0.32716164,  0.55012634,  1.00126901,  2.00656959,  3.42889048,
        3.16618539]), array([ 3.2936187 ,  3.29495299,  1.87147619,  0.88131183,  0.66849627,
        0.41582234,  0.51282658,  0.37759519,  0.1754645 ,  0.52226837,
        0.57769309,  0.27908809,  0.34432898,  0.23320191,  0.40194021,
        0.35416667,  0.40194021,  0.23320191,  0.34432898,  0.27908809,
        0.57769309,  0.52226837,  0.1754645 ,  0.37759519,  0.51282658,
        0.41582234,  0.66849627,  0.88131183,  1.87147619,  3.29495299,
        3.2936187 ])]
